4 0.293490 0.183796 0.136979 0.149074
4 0.479427 0.275000 0.138021 0.201852
4 0.630729 0.110185 0.145833 0.200000
4 0.925521 0.226389 0.090625 0.147222
4 0.954427 0.224537 0.091146 0.147222
1 0.141667 0.554167 0.232292 0.591667
1 0.455208 0.704167 0.232292 0.591667
1 0.670573 0.666667 0.245312 0.666667
1 0.941667 0.739815 0.116667 0.520370
1 0.842187 0.737037 0.116667 0.520370
0 0.154948 0.495370 0.307812 0.988889
0 0.460156 0.583333 0.230729 0.833333
0 0.683333 0.500463 0.315625 0.999074
0 0.920833 0.564352 0.158333 0.871296
