4 0.076991 0.485719 0.111139 0.126008
2 0.272555 0.167171 0.011341 0.012433
0 0.278982 0.184140 0.042339 0.047043
5 0.613281 0.606015 0.166079 0.197245
5 0.780998 0.604503 0.150202 0.153898
5 0.894657 0.482863 0.127520 0.122984
5 0.713584 0.426747 0.084929 0.091398
5 0.652218 0.467910 0.093750 0.119288
4 0.984627 0.142305 0.013105 0.010417
0 0.984375 0.173555 0.020161 0.074261
0 0.094254 0.680108 0.173891 0.639785
0 0.594380 0.754536 0.282006 0.489583
0 0.907132 0.715894 0.149950 0.568212
0 0.780746 0.764113 0.152218 0.471774
1 0.091104 0.683804 0.166583 0.302419
1 0.620212 0.864415 0.199597 0.269825
1 0.899698 0.737735 0.110383 0.303427
1 0.791961 0.852655 0.147933 0.294691
