4 0.832000 0.197260 0.132000 0.126027
2 0.714000 0.327397 0.144000 0.139726
2 0.964000 0.060274 0.068000 0.115068
4 0.165000 0.313699 0.090000 0.090411
4 0.208000 0.309589 0.040000 0.098630
3 0.073000 0.258904 0.142000 0.145205
3 0.369000 0.247945 0.118000 0.090411
3 0.633000 0.276712 0.094000 0.098630
0 0.082000 0.582192 0.160000 0.819178
0 0.199000 0.631507 0.154000 0.720548
0 0.379000 0.595890 0.198000 0.808219
0 0.722000 0.631507 0.176000 0.726027
0 0.635000 0.609589 0.134000 0.780822
0 0.862000 0.567123 0.168000 0.849315
0 0.960000 0.495890 0.076000 0.986301
