2 0.713379 0.483187 0.038086 0.042398
4 0.666016 0.453947 0.023438 0.024854
4 0.563477 0.463450 0.031250 0.038012
4 0.450684 0.448830 0.032227 0.026316
2 0.329590 0.436404 0.030273 0.027778
2 0.398926 0.429094 0.051758 0.048246
2 0.206055 0.415205 0.033203 0.032164
2 0.246094 0.432749 0.064453 0.061404
0 0.666992 0.544591 0.044922 0.197368
0 0.713379 0.653509 0.077148 0.374269
0 0.572754 0.623538 0.077148 0.349415
0 0.462891 0.530702 0.060547 0.181287
0 0.405762 0.701023 0.118164 0.595029
0 0.331055 0.608918 0.070312 0.375731
0 0.185547 0.499269 0.066406 0.211988
0 0.248047 0.696637 0.109375 0.603801
1 0.714844 0.589181 0.072266 0.143275
1 0.666016 0.510234 0.033203 0.070175
1 0.574219 0.564327 0.060547 0.119883
1 0.457520 0.544591 0.065430 0.115497
1 0.326172 0.535819 0.058594 0.118421
1 0.409180 0.605263 0.105469 0.216374
1 0.241211 0.622807 0.107422 0.236842
1 0.193848 0.491228 0.041992 0.061404
