5 0.116667 0.562735 0.018333 0.043915
5 0.089167 0.964241 0.035000 0.031368
5 0.577917 0.481807 0.029167 0.030113
5 0.706250 0.433501 0.034167 0.028858
5 0.869583 0.449812 0.014167 0.028858
5 0.919583 0.542660 0.032500 0.023839
5 0.822500 0.689460 0.031667 0.038896
5 0.675833 0.757842 0.040000 0.025094
0 0.161250 0.590339 0.109167 0.091593
0 0.569167 0.586575 0.045000 0.247177
0 0.734167 0.520703 0.091667 0.193225
0 0.851667 0.543287 0.031667 0.213300
0 0.937500 0.600376 0.096667 0.146801
0 0.810833 0.835006 0.063333 0.327478
0 0.685417 0.842535 0.075833 0.189460
