5 0.596250 0.223265 0.045000 0.048780
5 0.838750 0.659475 0.072500 0.088180
5 0.819375 0.758912 0.076250 0.110694
5 0.493750 0.630394 0.067500 0.090056
5 0.419375 0.547842 0.063750 0.075047
3 0.736875 0.380863 0.056250 0.067542
3 0.801250 0.398687 0.047500 0.054409
3 0.651250 0.625704 0.057500 0.095685
3 0.359375 0.939024 0.088750 0.121951
3 0.237500 0.624765 0.072500 0.093809
3 0.125000 0.877111 0.090000 0.114447
3 0.624375 0.984053 0.088750 0.031895
0 0.593125 0.377111 0.086250 0.352720
0 0.799375 0.554409 0.078750 0.354597
0 0.729375 0.565666 0.063750 0.433396
0 0.638125 0.770169 0.118750 0.407129
0 0.794375 0.855535 0.161250 0.288931
0 0.846250 0.714822 0.085000 0.187617
0 0.639375 0.763602 0.118750 0.409006
0 0.499375 0.786116 0.118750 0.409006
0 0.411250 0.726079 0.077500 0.469043
0 0.231250 0.780488 0.140000 0.412758
0 0.123750 0.906191 0.122500 0.187617
