4 0.291154 0.199268 0.059231 0.057531
4 0.410000 0.233787 0.050769 0.059623
4 0.429615 0.335251 0.048462 0.061715
5 0.501923 0.254184 0.060769 0.041841
5 0.749231 0.276151 0.041538 0.039749
4 0.914615 0.318515 0.067692 0.051255
4 0.981154 0.246339 0.037692 0.051255
1 0.353462 0.324791 0.106923 0.114017
1 0.430000 0.493201 0.087692 0.160042
1 0.505000 0.405858 0.086923 0.142259
1 0.771538 0.442469 0.093846 0.150628
1 0.972308 0.424686 0.047692 0.142259
0 0.331154 0.307531 0.131538 0.271967
0 0.420769 0.587866 0.087692 0.566946
0 0.512692 0.404289 0.103846 0.346234
0 0.764615 0.399582 0.095385 0.305439
0 0.925769 0.595188 0.123846 0.600418
0 0.981538 0.383368 0.036923 0.354603
0 0.403462 0.266213 0.062308 0.124477
