4 0.094568 0.266163 0.006545 0.011992
0 0.098004 0.282065 0.014725 0.044838
4 0.033213 0.766163 0.016034 0.020334
0 0.033377 0.839416 0.034686 0.163712
0 0.280105 0.689520 0.018325 0.086027
4 0.347840 0.633212 0.008508 0.008863
0 0.346695 0.670229 0.019306 0.086027
4 0.430301 0.765641 0.009817 0.016163
0 0.424902 0.816475 0.026505 0.119917
4 0.483802 0.709333 0.008181 0.017205
4 0.487402 0.735141 0.008835 0.015641
4 0.584588 0.708029 0.008181 0.012513
4 0.540085 0.656152 0.005563 0.011992
4 0.502945 0.655631 0.004581 0.009906
4 0.578043 0.606361 0.006872 0.009385
0 0.492310 0.768770 0.026505 0.082899
0 0.499018 0.687696 0.018979 0.072993
0 0.539431 0.691084 0.021270 0.081856
0 0.585733 0.753389 0.023560 0.101147
0 0.580825 0.635036 0.016361 0.065693
4 0.502127 0.378259 0.006872 0.014077
4 0.473495 0.364442 0.011126 0.010428
0 0.474640 0.375391 0.014725 0.030240
0 0.497546 0.390511 0.018652 0.037539
4 0.750327 0.358968 0.007199 0.008863
4 0.778959 0.366788 0.007526 0.010949
0 0.750491 0.390250 0.020615 0.070386
0 0.780759 0.385819 0.015707 0.047967
0 0.624673 0.626434 0.015052 0.064129
4 0.939463 0.685610 0.007199 0.009385
1 0.345386 0.662409 0.019306 0.038060
1 0.032559 0.809698 0.027814 0.058394
1 0.539758 0.682221 0.017343 0.040146