4 0.323956 0.608273 0.059891 0.053528
4 0.389292 0.632603 0.034483 0.029197
4 0.592559 0.616788 0.067151 0.065693
4 0.732305 0.558394 0.056261 0.051095
4 0.840290 0.580292 0.068966 0.051095
3 0.672414 0.622871 0.041742 0.038929
3 0.914701 0.571776 0.050817 0.034063
3 0.942831 0.607056 0.023593 0.021898
3 0.537205 0.631387 0.029038 0.026764
5 0.039020 0.650852 0.023593 0.021898
1 0.037205 0.708029 0.045372 0.077859
1 0.306715 0.783455 0.105263 0.209246
1 0.380218 0.729927 0.052632 0.121655
1 0.600726 0.799270 0.101633 0.240876
1 0.530853 0.725061 0.049002 0.121655
1 0.734120 0.738443 0.110708 0.211679
1 0.670599 0.746959 0.056261 0.184915
1 0.861162 0.779805 0.103448 0.250608
1 0.920145 0.677616 0.083485 0.148418
0 0.033575 0.723844 0.049002 0.182482
0 0.307623 0.782238 0.107078 0.420925
0 0.382940 0.767640 0.039927 0.338200
0 0.598911 0.787105 0.116152 0.406326
0 0.526316 0.754258 0.058076 0.311436
0 0.674229 0.789538 0.052632 0.362530
0 0.744102 0.760341 0.101633 0.454988
0 0.862976 0.770073 0.110708 0.435523
0 0.921960 0.727494 0.079855 0.369830
