4 0.448571 0.592949 0.017143 0.036325
4 0.314286 0.645299 0.014286 0.025641
4 0.229286 0.566239 0.021429 0.034188
4 0.342143 0.500000 0.015714 0.017094
4 0.238571 0.483974 0.017143 0.019231
4 0.392143 0.472222 0.015714 0.012821
0 0.447143 0.639957 0.040000 0.143162
0 0.297857 0.682692 0.055714 0.096154
0 0.241429 0.622863 0.045714 0.147436
0 0.244286 0.523504 0.028571 0.089744
0 0.350714 0.557692 0.032857 0.141026
0 0.393571 0.517094 0.024286 0.106838
0 0.261429 0.456197 0.022857 0.066239
0 0.171429 0.537393 0.028571 0.083333
