4 0.128125 0.480556 0.025000 0.025000
5 0.278906 0.282639 0.037500 0.051389
4 0.157422 0.575694 0.050781 0.143056
3 0.398828 0.279167 0.044531 0.055556
3 0.427734 0.249306 0.028906 0.031944
4 0.523828 0.240278 0.036719 0.058333
3 0.667188 0.264583 0.031250 0.051389
4 0.818750 0.213194 0.056250 0.065278
0 0.822266 0.455556 0.163281 0.530556
0 0.695703 0.430556 0.099219 0.380556
0 0.523828 0.538194 0.130469 0.387500
0 0.539844 0.295833 0.073438 0.172222
0 0.412891 0.472917 0.086719 0.426389
0 0.292578 0.352083 0.117969 0.187500
0 0.125391 0.535417 0.064844 0.131944
0 0.255469 0.677083 0.246875 0.476389
1 0.809766 0.329167 0.085156 0.180556
1 0.710547 0.363194 0.061719 0.140278
1 0.290234 0.502083 0.161719 0.134722
1 0.124219 0.549306 0.057813 0.084722
