4 0.381452 0.165860 0.111290 0.084746
4 0.544355 0.192494 0.082258 0.089588
4 0.700000 0.260291 0.119355 0.094431
4 0.849194 0.337772 0.046774 0.031477
4 0.913710 0.331719 0.046774 0.033898
1 0.341129 0.498789 0.185484 0.401937
1 0.550000 0.462470 0.161290 0.348668
1 0.735484 0.542373 0.161290 0.343826
1 0.854032 0.444310 0.053226 0.084746
1 0.921774 0.424939 0.040323 0.089588
1 0.978226 0.346247 0.043548 0.140436
0 0.337097 0.565375 0.183871 0.869249
0 0.550000 0.558111 0.167742 0.811138
0 0.733065 0.607748 0.185484 0.784504
0 0.850806 0.435835 0.062903 0.222760
0 0.920968 0.434625 0.067742 0.239709
0 0.974194 0.409201 0.051613 0.319613
