5 0.087891 0.486131 0.048828 0.037956
5 0.187012 0.539416 0.041992 0.039416
5 0.229004 0.494891 0.051758 0.052555
5 0.297852 0.528467 0.041016 0.032117
5 0.361328 0.475912 0.041016 0.035036
5 0.437500 0.519708 0.048828 0.032117
5 0.504395 0.487591 0.049805 0.035036
5 0.577148 0.526277 0.035156 0.033577
5 0.554688 0.570073 0.019531 0.036496
5 0.480469 0.554745 0.017578 0.023358
5 0.651367 0.495620 0.046875 0.036496
5 0.713379 0.520438 0.041992 0.036496
5 0.778809 0.548175 0.032227 0.033577
5 0.843750 0.475182 0.060547 0.042336
5 0.937012 0.489781 0.059570 0.042336
0 0.083008 0.722628 0.115234 0.531387
0 0.181152 0.548905 0.051758 0.072993
0 0.228027 0.732847 0.100586 0.519708
0 0.296387 0.610949 0.059570 0.232117
0 0.368164 0.724818 0.097656 0.541606
0 0.433594 0.611679 0.060547 0.198540
0 0.510254 0.728467 0.090820 0.543066
0 0.574707 0.562774 0.073242 0.150365
0 0.651367 0.740146 0.109375 0.519708
0 0.722656 0.743796 0.076172 0.483212
0 0.790039 0.749635 0.066406 0.433577
0 0.856934 0.724818 0.112305 0.538686
0 0.950684 0.728467 0.098633 0.543066
