1 0.846250 0.356221 0.034167 0.109155
4 0.167917 0.563380 0.049167 0.075117
4 0.334167 0.453052 0.058333 0.056338
4 0.336250 0.528169 0.062500 0.065728
5 0.727917 0.396714 0.075833 0.065728
4 0.700000 0.151408 0.036667 0.037559
4 0.877500 0.261737 0.035000 0.046948
4 0.978750 0.163146 0.040833 0.044601
0 0.115417 0.673122 0.187500 0.365023
0 0.390833 0.750000 0.190000 0.478873
0 0.731667 0.644366 0.131667 0.586854
0 0.692083 0.279930 0.057500 0.313380
0 0.854167 0.367958 0.080000 0.273474
0 0.957917 0.325117 0.074167 0.366197
0 0.310417 0.501174 0.090833 0.166667
4 0.692083 0.532864 0.039167 0.044601
0 0.680000 0.619131 0.058333 0.233568
