2 0.017500 0.234336 0.031667 0.047619
5 0.134167 0.482456 0.061667 0.097744
5 0.266667 0.443609 0.053333 0.095238
5 0.326667 0.205514 0.040000 0.035088
2 0.424167 0.243108 0.048333 0.050125
5 0.529167 0.245614 0.041667 0.040100
2 0.806667 0.246867 0.063333 0.067669
1 0.019167 0.412281 0.035000 0.187970
1 0.086667 0.562657 0.073333 0.097744
1 0.212500 0.492481 0.045000 0.117794
1 0.341667 0.355890 0.043333 0.165414
1 0.406667 0.388471 0.046667 0.170426
1 0.541667 0.395990 0.033333 0.170426
1 0.821667 0.439850 0.090000 0.213033
0 0.031667 0.453634 0.060000 0.481203
0 0.114167 0.614035 0.138333 0.370927
0 0.236667 0.575188 0.113333 0.358396
0 0.329167 0.417293 0.071667 0.463659
0 0.404167 0.467419 0.071667 0.498747
0 0.526667 0.385965 0.060000 0.320802
0 0.820000 0.521303 0.103333 0.596491
