4 0.123438 0.377995 0.107986 0.111719
4 0.221962 0.330469 0.073090 0.089063
2 0.368056 0.371745 0.073264 0.091927
4 0.529601 0.373047 0.089063 0.099219
4 0.627344 0.348438 0.096007 0.084375
2 0.721181 0.402344 0.083333 0.081250
4 0.797830 0.333594 0.111632 0.111979
0 0.124306 0.659375 0.122222 0.681250
0 0.221094 0.642448 0.123090 0.713021
0 0.354340 0.559896 0.149653 0.487500
0 0.510417 0.555469 0.132986 0.465625
0 0.635417 0.558594 0.112847 0.485938
0 0.727865 0.571094 0.081771 0.404687
0 0.831771 0.640365 0.149653 0.719271
1 0.342014 0.629297 0.135764 0.311198
1 0.519271 0.628646 0.112500 0.319271
1 0.634809 0.624219 0.105729 0.330729
1 0.826476 0.670443 0.154688 0.420052
