2 0.821000 0.147147 0.102000 0.090090
2 0.568000 0.135135 0.088000 0.090090
2 0.510000 0.252252 0.100000 0.090090
5 0.363000 0.210210 0.086000 0.090090
4 0.229000 0.156156 0.098000 0.090090
4 0.674000 0.240240 0.096000 0.090090
1 0.830000 0.504505 0.168000 0.438438
1 0.334000 0.542042 0.136000 0.369369
1 0.219000 0.493994 0.162000 0.375375
0 0.834000 0.545045 0.176000 0.909910
0 0.673000 0.509009 0.118000 0.621622
0 0.505000 0.483483 0.150000 0.540541
0 0.573000 0.303303 0.118000 0.408408
0 0.336000 0.489489 0.164000 0.624625
0 0.212000 0.439940 0.168000 0.693694
