4 0.122222 0.174342 0.177778 0.184211
4 0.290741 0.302632 0.070370 0.072368
4 0.470370 0.315789 0.066667 0.111842
4 0.612037 0.297697 0.061111 0.069079
4 0.705556 0.319079 0.081481 0.098684
4 0.875926 0.248355 0.207407 0.213816
1 0.885185 0.759868 0.218519 0.480263
1 0.704630 0.598684 0.131481 0.381579
1 0.460185 0.552632 0.127778 0.309211
1 0.286111 0.580592 0.150000 0.345395
1 0.124074 0.699013 0.233333 0.555921
0 0.105556 0.531250 0.203704 0.937500
0 0.289815 0.496711 0.124074 0.539474
0 0.458333 0.488487 0.135185 0.569079
0 0.612037 0.498355 0.131481 0.529605
0 0.707407 0.526316 0.140741 0.664474
0 0.878704 0.544408 0.231481 0.911184
