4 0.016797 0.339062 0.032031 0.036458
4 0.060937 0.340625 0.035937 0.022917
4 0.263281 0.317708 0.053125 0.043750
4 0.349219 0.403125 0.081250 0.091667
4 0.448047 0.337500 0.042969 0.050000
4 0.600000 0.332292 0.043750 0.058333
4 0.754687 0.352083 0.090625 0.062500
0 0.014063 0.544271 0.026562 0.459375
0 0.076953 0.524479 0.082031 0.396875
0 0.254297 0.514583 0.071094 0.437500
0 0.342969 0.678646 0.087500 0.630208
0 0.444141 0.570312 0.097656 0.521875
0 0.589453 0.593229 0.121094 0.580208
0 0.750391 0.659375 0.111719 0.681250
