3 0.686667 0.414201 0.048889 0.059172
3 0.551111 0.375740 0.062222 0.053254
3 0.457778 0.352071 0.084444 0.071006
3 0.333333 0.298817 0.120000 0.094675
3 0.263333 0.350592 0.055556 0.068047
3 0.195556 0.375740 0.062222 0.053254
3 0.066667 0.394970 0.071111 0.056213
0 0.687778 0.606509 0.095556 0.449704
0 0.587778 0.603550 0.064444 0.449704
0 0.542222 0.650888 0.097778 0.597633
0 0.336667 0.624260 0.162222 0.751479
0 0.448889 0.658284 0.111111 0.683432
0 0.233333 0.665680 0.084444 0.668639
0 0.054444 0.616864 0.091111 0.446746
0 0.192222 0.587278 0.068889 0.470414
0 0.161111 0.501479 0.042222 0.251479
