4 0.356445 0.400881 0.039062 0.041116
4 0.303711 0.472100 0.031250 0.036711
4 0.492188 0.411160 0.041016 0.049927
4 0.382812 0.464758 0.023438 0.022026
4 0.464355 0.428781 0.020508 0.029369
4 0.559082 0.504405 0.024414 0.027900
4 0.602539 0.472100 0.035156 0.036711
4 0.642578 0.455947 0.033203 0.039648
4 0.700684 0.403084 0.040039 0.048458
0 0.358398 0.625551 0.089844 0.490455
0 0.495117 0.641703 0.087891 0.499266
0 0.555176 0.649780 0.045898 0.318649
0 0.706055 0.619677 0.101562 0.469897
0 0.626465 0.640235 0.069336 0.408223
0 0.294922 0.646843 0.062500 0.383260
0 0.424805 0.654919 0.035156 0.314244
1 0.287598 0.598385 0.065430 0.154185
1 0.349121 0.556535 0.094727 0.185022
1 0.492188 0.569016 0.095703 0.201175
1 0.586426 0.589574 0.038086 0.145374
1 0.629883 0.578561 0.058594 0.170338
1 0.695312 0.549192 0.097656 0.190896