4 0.231667 0.367222 0.028333 0.023333
4 0.267917 0.407222 0.027500 0.016667
4 0.449583 0.378889 0.025833 0.024444
4 0.527917 0.395000 0.025833 0.021111
4 0.584583 0.386667 0.019167 0.017778
4 0.753750 0.398333 0.037500 0.023333
1 0.299583 0.477222 0.057500 0.085556
1 0.230833 0.410000 0.048333 0.037778
1 0.456250 0.466667 0.040833 0.100000
1 0.486667 0.452222 0.018333 0.091111
1 0.532917 0.439444 0.042500 0.047778
1 0.584167 0.432778 0.041667 0.052222
1 0.762500 0.456667 0.033333 0.077778
0 0.226250 0.403889 0.052500 0.134444
0 0.295833 0.537222 0.076667 0.274444
0 0.450417 0.514444 0.035833 0.291111
0 0.483750 0.460000 0.027500 0.175556
0 0.529583 0.472222 0.044167 0.186667
0 0.585833 0.453333 0.045000 0.153333
0 0.749167 0.496667 0.053333 0.215556
