5 0.748000 0.534667 0.064000 0.056000
5 0.666000 0.506667 0.064000 0.064000
5 0.592000 0.464000 0.060000 0.053333
5 0.426000 0.518667 0.068000 0.050667
3 0.514000 0.450667 0.060000 0.058667
1 0.409000 0.684000 0.106000 0.194667
1 0.514000 0.664000 0.120000 0.234667
1 0.595000 0.653333 0.082000 0.208000
1 0.677000 0.673333 0.086000 0.200000
1 0.766000 0.701333 0.088000 0.213333
0 0.406000 0.741333 0.116000 0.506667
0 0.512000 0.704000 0.092000 0.565333
0 0.591000 0.709333 0.082000 0.570667
0 0.684000 0.730667 0.112000 0.522667
0 0.764000 0.740000 0.108000 0.514667
