4 0.167187 0.233294 0.060937 0.056272
4 0.246875 0.245604 0.062500 0.066823
4 0.360938 0.252638 0.062500 0.066823
4 0.437891 0.251465 0.058594 0.062134
4 0.529297 0.255569 0.024219 0.042204
4 0.570703 0.182884 0.083594 0.084408
4 0.660547 0.134232 0.088281 0.087925
4 0.713281 0.230363 0.048438 0.076202
4 0.780078 0.223916 0.049219 0.051583
4 0.832812 0.270809 0.073438 0.070340
1 0.171484 0.428488 0.069531 0.221571
1 0.258984 0.424971 0.077344 0.216882
1 0.362891 0.448417 0.066406 0.207503
1 0.437891 0.428488 0.066406 0.207503
1 0.519141 0.426143 0.044531 0.186401
1 0.571484 0.421454 0.071094 0.245018
1 0.671484 0.453693 0.130469 0.344666
1 0.845703 0.490035 0.110156 0.248535
1 0.779297 0.373974 0.060156 0.133646
0 0.167187 0.525791 0.082812 0.636577
0 0.264844 0.521102 0.095312 0.624853
0 0.366016 0.538687 0.082031 0.613130
0 0.441016 0.518171 0.080469 0.600234
0 0.517188 0.520516 0.048438 0.567409
0 0.573047 0.572685 0.083594 0.854631
0 0.669922 0.542204 0.136719 0.915592
0 0.843359 0.586753 0.127344 0.695193
0 0.783203 0.351114 0.060156 0.303634
