3 0.915625 0.282364 0.053750 0.058161
3 0.832500 0.315197 0.052500 0.052533
3 0.753125 0.287992 0.053750 0.061914
3 0.700625 0.353659 0.056250 0.058161
3 0.661250 0.301126 0.052500 0.050657
3 0.621875 0.364916 0.043750 0.050657
3 0.599375 0.323640 0.046250 0.031895
3 0.528750 0.302064 0.052500 0.048780
3 0.455000 0.329268 0.047500 0.043152
3 0.420625 0.378049 0.053750 0.065666
3 0.368750 0.315197 0.057500 0.041276
3 0.298125 0.329268 0.053750 0.050657
3 0.211875 0.292683 0.051250 0.048780
3 0.103750 0.317073 0.062500 0.048780
0 0.103125 0.547842 0.101250 0.506567
0 0.208125 0.536585 0.111250 0.536585
0 0.292500 0.545966 0.085000 0.491557
0 0.363125 0.543152 0.053750 0.489681
0 0.420625 0.574109 0.068750 0.446529
0 0.457500 0.543152 0.052500 0.474672
0 0.526250 0.537523 0.085000 0.515947
0 0.606250 0.562852 0.070000 0.536585
0 0.695000 0.585366 0.075000 0.499062
0 0.758750 0.530957 0.082500 0.536585
0 0.828750 0.544090 0.085000 0.506567
0 0.917500 0.534709 0.105000 0.562852
0 0.661875 0.348968 0.048750 0.176360
