5 0.191538 0.234896 0.013846 0.011458
5 0.416538 0.285938 0.025385 0.023958
5 0.278077 0.321354 0.022308 0.023958
5 0.218846 0.357812 0.026923 0.017708
1 0.399615 0.369792 0.045385 0.089583
1 0.276538 0.389583 0.034615 0.075000
1 0.208077 0.406771 0.033077 0.069792
1 0.192308 0.270833 0.015385 0.037500
0 0.418077 0.411979 0.083846 0.282292
0 0.275000 0.414062 0.059231 0.213542
0 0.215385 0.419271 0.049231 0.155208
0 0.193462 0.266146 0.022308 0.080208
0 0.128462 0.284896 0.035385 0.046875
5 0.858077 0.256250 0.043846 0.033333
1 0.882692 0.375521 0.057692 0.142708
0 0.879615 0.414062 0.094615 0.355208
