5 0.019231 0.305187 0.022267 0.017867
4 0.309919 0.370893 0.019028 0.017867
5 0.386640 0.364553 0.014575 0.019020
5 0.721053 0.412680 0.024291 0.021902
5 0.962955 0.508069 0.016599 0.015562
5 0.661741 0.777233 0.017409 0.025937
3 0.548583 0.780403 0.020243 0.019597
5 0.311538 0.121037 0.012551 0.020749
5 0.620850 0.631412 0.012551 0.025937
0 0.021255 0.378963 0.037652 0.171182
0 0.282996 0.483285 0.085020 0.059366
0 0.297976 0.453890 0.049393 0.197695
0 0.396154 0.423055 0.043320 0.149856
0 0.310526 0.140346 0.041296 0.083573
0 0.716194 0.463401 0.034008 0.117579
0 0.960526 0.544380 0.053846 0.090490
0 0.667611 0.832565 0.038866 0.131988
0 0.549393 0.841499 0.035628 0.144092
0 0.637652 0.647839 0.051822 0.094524
1 0.549595 0.833141 0.033603 0.047839
