5 0.208496 0.243056 0.063477 0.065972
5 0.286133 0.161458 0.066406 0.055556
5 0.425781 0.086806 0.068359 0.069444
5 0.496094 0.030382 0.076172 0.057292
5 0.645508 0.325521 0.044922 0.043403
5 0.775879 0.300347 0.043945 0.048611
5 0.894531 0.467882 0.017578 0.026042
4 0.700684 0.439236 0.022461 0.034722
1 0.206543 0.427083 0.067383 0.156250
1 0.304688 0.402778 0.103516 0.225694
1 0.415039 0.388021 0.054688 0.276042
1 0.511719 0.347222 0.099609 0.305556
1 0.653320 0.472222 0.062500 0.125000
1 0.709961 0.539931 0.041016 0.104167
1 0.784668 0.450521 0.069336 0.168403
1 0.899902 0.539931 0.041992 0.072917
1 0.974121 0.533854 0.040039 0.064236
0 0.198730 0.532118 0.086914 0.633681
0 0.290039 0.506944 0.095703 0.743056
0 0.414551 0.326389 0.067383 0.538194
0 0.518066 0.483507 0.124023 0.960069
0 0.645020 0.554688 0.075195 0.498264
0 0.707031 0.578125 0.044922 0.319444
0 0.792969 0.547743 0.099609 0.539931
0 0.894531 0.579861 0.054688 0.246528
0 0.975098 0.578125 0.049805 0.239583
