5 0.511475 0.310103 0.115723 0.133481
2 0.367188 0.336652 0.100586 0.101032
4 0.258789 0.314528 0.092773 0.084808
5 0.089844 0.684735 0.069336 0.123156
3 0.173340 0.719764 0.093750 0.131268
4 0.356445 0.916667 0.135742 0.166667
0 0.949707 0.634956 0.099609 0.336283
0 0.790039 0.548304 0.178711 0.509587
0 0.686523 0.474926 0.078125 0.359882
0 0.591553 0.452434 0.128418 0.269174
0 0.468994 0.590708 0.123535 0.696165
0 0.367920 0.507006 0.110840 0.396018
0 0.243408 0.538348 0.136230 0.560472
0 0.017578 0.665192 0.034180 0.530973
0 0.183838 0.830015 0.141113 0.306047
0 0.083008 0.792404 0.091797 0.331121
3 0.378418 0.818215 0.084961 0.062684
3 0.522217 0.981195 0.123535 0.037611
