4 0.304089 0.265513 0.088254 0.088178
4 0.418214 0.285598 0.078656 0.078707
4 0.170248 0.338504 0.041728 0.046048
4 0.145733 0.362508 0.029418 0.044415
4 0.513248 0.361528 0.037972 0.034618
4 0.648341 0.361528 0.033173 0.034618
4 0.463906 0.358426 0.031922 0.039517
4 0.667432 0.380470 0.021698 0.027433
4 0.692677 0.377368 0.027540 0.034944
1 0.707594 0.446604 0.046943 0.096995
1 0.652201 0.449543 0.041728 0.101568
0 0.702170 0.491835 0.055289 0.265186
0 0.651367 0.500000 0.044231 0.307642
0 0.526706 0.495265 0.051951 0.306662
0 0.480075 0.403658 0.065512 0.141737
4 0.375861 0.368877 0.027749 0.021881
0 0.126539 0.505715 0.061548 0.338668
0 0.185687 0.536414 0.062591 0.449706
0 0.434071 0.617407 0.167119 0.765186
0 0.276549 0.602057 0.158356 0.795885
1 0.134050 0.435500 0.052785 0.117244
1 0.181306 0.445297 0.061339 0.113325
1 0.283226 0.527760 0.139996 0.297845
1 0.425516 0.548988 0.154600 0.324624
1 0.534842 0.447910 0.054037 0.115284
1 0.478302 0.412476 0.051533 0.079033
