5 0.808491 0.474808 0.037107 0.044907
5 0.708491 0.523549 0.037107 0.046002
5 0.191509 0.581051 0.042138 0.044907
3 0.271069 0.529573 0.036478 0.044907
1 0.893711 0.617196 0.059119 0.112815
1 0.807862 0.580504 0.058491 0.102957
1 0.707862 0.623220 0.050943 0.109529
1 0.611321 0.620482 0.069182 0.112815
2 0.498113 0.509310 0.033962 0.041621
1 0.501572 0.622673 0.054717 0.106243
1 0.393711 0.558050 0.062893 0.049288
1 0.273585 0.639650 0.052830 0.105148
1 0.317925 0.575027 0.045912 0.094195
2 0.302830 0.472618 0.035849 0.042716
1 0.193082 0.750821 0.072956 0.196057
1 0.200314 0.557503 0.052201 0.041621
5 0.819182 0.732202 0.042138 0.066813
2 0.583333 0.715772 0.032075 0.055860
0 0.897170 0.676342 0.079874 0.301205
0 0.808491 0.577766 0.093711 0.250821
0 0.714780 0.639102 0.098742 0.274918
0 0.595597 0.652245 0.104403 0.294633
0 0.488994 0.616101 0.093711 0.246440
0 0.466038 0.566265 0.067925 0.205915
0 0.381447 0.694414 0.123899 0.234392
0 0.391509 0.539978 0.069811 0.124863
0 0.314151 0.546002 0.063522 0.189485
0 0.239623 0.699890 0.164780 0.271632
0 0.280818 0.595838 0.094969 0.181818
0 0.204403 0.541621 0.076730 0.130340
