4 0.396154 0.184103 0.018462 0.019487
4 0.277692 0.170769 0.072308 0.066667
5 0.427692 0.606154 0.058462 0.047179
5 0.521154 0.685128 0.033077 0.043077
5 0.771154 0.173333 0.060769 0.055385
5 0.948846 0.152821 0.046923 0.051282
1 0.253846 0.331282 0.075385 0.211282
1 0.397692 0.225641 0.020000 0.038974
1 0.482692 0.733333 0.076154 0.153846
1 0.605769 0.681026 0.106923 0.075897
1 0.789231 0.303590 0.078462 0.151795
1 0.947692 0.272308 0.064615 0.138462
0 0.276154 0.421026 0.123077 0.567179
0 0.397692 0.233846 0.044615 0.131282
0 0.463846 0.756410 0.133846 0.339487
0 0.596154 0.698974 0.189231 0.099487
0 0.771538 0.348205 0.080000 0.458462
0 0.945000 0.286154 0.062308 0.315897
