4 0.200877 0.467290 0.043860 0.056075
1 0.249123 0.509346 0.052632 0.107477
4 0.366667 0.491822 0.038596 0.053738
4 0.443860 0.467290 0.035088 0.037383
4 0.566667 0.466121 0.038596 0.039720
4 0.800000 0.339953 0.070175 0.049065
1 0.348246 0.543224 0.061404 0.063084
1 0.474561 0.523364 0.057895 0.065421
1 0.638596 0.503505 0.073684 0.077103
1 0.807018 0.470794 0.101754 0.123832
0 0.219298 0.573598 0.105263 0.278037
0 0.342105 0.588785 0.101754 0.228972
0 0.471053 0.568925 0.075439 0.226636
0 0.616667 0.574766 0.135088 0.271028
0 0.807895 0.566589 0.201754 0.483645
