3 0.855000 0.320000 0.080000 0.060000
5 0.720000 0.336667 0.080000 0.060000
3 0.545000 0.321667 0.055000 0.043333
3 0.638750 0.293333 0.037500 0.033333
5 0.421250 0.306667 0.062500 0.046667
5 0.348750 0.313333 0.052500 0.040000
5 0.215000 0.306667 0.080000 0.046667
5 0.032500 0.345000 0.060000 0.056667
5 0.087500 0.330000 0.045000 0.033333
5 0.051250 0.301667 0.037500 0.043333
5 0.190000 0.311667 0.045000 0.036667
0 0.861250 0.583333 0.147500 0.633333
0 0.703750 0.641667 0.147500 0.630000
0 0.546250 0.508333 0.107500 0.430000
0 0.425000 0.463333 0.080000 0.340000
0 0.343750 0.488333 0.067500 0.390000
0 0.233750 0.533333 0.147500 0.500000
0 0.068750 0.618333 0.132500 0.630000
