4 0.442361 0.210438 0.181944 0.306397
4 0.116667 0.469697 0.183333 0.333333
4 0.716667 0.627946 0.050000 0.070707
4 0.762500 0.616162 0.033333 0.053872
4 0.913889 0.611111 0.038889 0.050505
1 0.704861 0.838384 0.068056 0.235690
1 0.765972 0.794613 0.068056 0.235690
1 0.920139 0.824916 0.068056 0.235690
1 0.451389 0.632997 0.183333 0.464646
1 0.188889 0.744108 0.183333 0.464646
0 0.159722 0.624579 0.283333 0.703704
0 0.436806 0.464646 0.229167 0.841751
0 0.701389 0.804714 0.086111 0.383838
0 0.768750 0.789562 0.062500 0.420875
0 0.915278 0.792929 0.063889 0.414141
