4 0.139844 0.649306 0.075000 0.104167
4 0.384375 0.506250 0.079687 0.104167
4 0.776563 0.140972 0.015625 0.023611
4 0.858984 0.154861 0.025781 0.037500
4 0.882031 0.150694 0.012500 0.018056
1 0.205859 0.584028 0.102344 0.084722
1 0.421875 0.750694 0.120313 0.240278
1 0.776172 0.173611 0.019531 0.041667
1 0.857812 0.220139 0.032813 0.076389
1 0.882031 0.186111 0.015625 0.041667
0 0.173437 0.622917 0.143750 0.201389
0 0.392578 0.721528 0.186719 0.540278
0 0.773828 0.193750 0.041406 0.120833
0 0.851953 0.253472 0.042969 0.223611
0 0.883984 0.188194 0.027344 0.093056
