5 0.789244 0.280887 0.033737 0.037213
5 0.708474 0.278506 0.029768 0.031855
5 0.171463 0.390592 0.049216 0.045847
5 0.282199 0.385383 0.041278 0.041977
4 0.315539 0.314082 0.038897 0.042274
5 0.244890 0.470825 0.052788 0.046740
2 0.386188 0.346681 0.033737 0.037213
5 0.344414 0.444031 0.043461 0.043763
5 0.465172 0.308872 0.032546 0.039000
4 0.450784 0.389253 0.038698 0.040786
2 0.548224 0.322269 0.029966 0.033046
2 0.565688 0.378089 0.038698 0.039297
5 0.628498 0.317505 0.032943 0.033046
5 0.665807 0.176392 0.021036 0.028878
4 0.747470 0.337452 0.037904 0.046145
4 0.849772 0.358738 0.041675 0.038702
0 0.669776 0.257071 0.058345 0.192021
0 0.796587 0.344894 0.062314 0.162251
0 0.700933 0.327181 0.066680 0.131587
0 0.839155 0.549122 0.101409 0.409348
0 0.736456 0.533939 0.099226 0.433165
0 0.658266 0.569664 0.104783 0.429592
0 0.617583 0.383150 0.053582 0.166121
0 0.561322 0.565198 0.089899 0.409348
0 0.531951 0.377047 0.054971 0.131884
0 0.461302 0.598541 0.085136 0.454600
0 0.467355 0.377642 0.078587 0.162251
0 0.390157 0.439119 0.067077 0.210182
0 0.325958 0.366032 0.057750 0.144984
0 0.361183 0.639923 0.104783 0.421256
0 0.290038 0.445371 0.069260 0.145281
0 0.171463 0.613427 0.100814 0.488538
0 0.255408 0.682644 0.121056 0.450134
1 0.251439 0.627568 0.118277 0.192915
1 0.360290 0.600030 0.115301 0.192617
1 0.392340 0.452664 0.067077 0.126526
1 0.326454 0.402650 0.057948 0.077702
1 0.455944 0.527836 0.076801 0.173266
1 0.484124 0.403543 0.054574 0.086633
1 0.528379 0.408753 0.042270 0.097053
1 0.564398 0.506550 0.073427 0.152724
1 0.619766 0.401608 0.040881 0.072641
1 0.660052 0.504466 0.100020 0.190235
1 0.745783 0.477970 0.078587 0.173564
1 0.790534 0.377047 0.054574 0.099732
1 0.851161 0.493302 0.107958 0.186365
1 0.675035 0.232659 0.051002 0.068770
1 0.705696 0.357100 0.063902 0.069961
