1 0.047000 0.193985 0.054000 0.043609
1 0.140750 0.172180 0.031500 0.031579
1 0.139750 0.280827 0.049500 0.057895
1 0.239750 0.353759 0.124500 0.178195
1 0.276250 0.211654 0.066500 0.098496
1 0.186000 0.185714 0.032000 0.034586
1 0.417750 0.228571 0.037500 0.112782
1 0.491750 0.198496 0.029500 0.043609
1 0.563750 0.224436 0.060500 0.092481
1 0.772000 0.336466 0.131000 0.184211
1 0.854750 0.256391 0.067500 0.069173
1 0.468250 0.172556 0.017500 0.011278
3 0.079000 0.175188 0.024000 0.028571
2 0.108500 0.233083 0.021000 0.025564
5 0.343250 0.316917 0.040500 0.089474
5 0.294000 0.121053 0.048000 0.051128
5 0.445000 0.142857 0.033000 0.048120
2 0.144750 0.140977 0.014500 0.018797
2 0.177750 0.146241 0.015500 0.020301
2 0.213750 0.146992 0.012500 0.015789
4 0.571000 0.151504 0.021000 0.033835
4 0.656500 0.251128 0.081000 0.085714
0 0.053750 0.255639 0.071500 0.195489
0 0.134000 0.277820 0.076000 0.104511
0 0.143750 0.186466 0.039500 0.114286
0 0.184500 0.204135 0.040000 0.139098
0 0.214250 0.162030 0.023500 0.054887
0 0.274750 0.510902 0.205500 0.465414
0 0.280500 0.175188 0.081000 0.159398
0 0.422000 0.299624 0.058000 0.367669
0 0.491750 0.211654 0.029500 0.130075
0 0.567000 0.272180 0.071000 0.272180
0 0.720000 0.514286 0.210000 0.606015
0 0.833500 0.247744 0.113000 0.101504
