5 0.010667 0.145455 0.018667 0.031818
5 0.366000 0.255682 0.028000 0.038636
5 0.404000 0.211364 0.024000 0.031818
5 0.606000 0.278409 0.044000 0.043182
5 0.596000 0.357955 0.032000 0.047727
5 0.678000 0.370455 0.044000 0.054545
4 0.592000 0.402273 0.037333 0.054545
2 0.814667 0.664773 0.032000 0.070455
2 0.766667 0.648864 0.037333 0.052273
2 0.489333 0.727273 0.040000 0.077273
5 0.333333 0.384091 0.032000 0.050000
5 0.085333 0.520455 0.037333 0.063636
0 0.020667 0.236364 0.038667 0.177273
0 0.419333 0.377273 0.062667 0.359091
0 0.326000 0.552273 0.060000 0.372727
0 0.222667 0.614773 0.069333 0.347727
0 0.118000 0.698864 0.084000 0.238636
0 0.494000 0.373864 0.076000 0.197727
0 0.463333 0.786364 0.132000 0.200000
0 0.751333 0.736364 0.100000 0.245455
0 0.866667 0.730682 0.128000 0.211364
0 0.590000 0.595455 0.084000 0.440909
0 0.676667 0.445455 0.081333 0.204545
0 0.622667 0.352273 0.064000 0.181818
0 0.074000 0.577273 0.060000 0.145455
5 0.524000 0.286364 0.021333 0.022727
