3 0.153846 0.268305 0.053846 0.057531
4 0.448462 0.195084 0.038462 0.055439
4 0.599615 0.275628 0.056154 0.042887
3 0.801923 0.273013 0.048462 0.029289
2 0.745385 0.267259 0.050769 0.038703
4 0.849615 0.254707 0.056154 0.042887
1 0.151154 0.362448 0.079231 0.122385
1 0.391538 0.288703 0.090769 0.117155
1 0.587692 0.448745 0.092308 0.188285
1 0.726923 0.372908 0.066154 0.103556
1 0.829615 0.443515 0.086923 0.171548
1 0.892308 0.398013 0.066154 0.155858
0 0.131923 0.439331 0.105385 0.397490
0 0.402308 0.366109 0.101538 0.407950
0 0.577308 0.536611 0.102308 0.554393
0 0.736154 0.523013 0.084615 0.552301
0 0.802308 0.557531 0.112308 0.554393
0 0.880769 0.494247 0.090769 0.513598
