4 0.034180 0.263975 0.044922 0.064182
4 0.117188 0.324017 0.041016 0.055901
4 0.204102 0.239130 0.041016 0.055901
4 0.281250 0.292961 0.041016 0.055901
4 0.350586 0.215321 0.044922 0.053830
4 0.440918 0.234990 0.045898 0.047619
4 0.513184 0.239130 0.043945 0.055901
4 0.598145 0.272257 0.043945 0.055901
4 0.700684 0.224638 0.043945 0.055901
4 0.774902 0.146998 0.049805 0.057971
4 0.937500 0.184265 0.078125 0.086957
4 0.830566 0.187371 0.047852 0.064182
4 0.869629 0.214286 0.053711 0.064182
1 0.038086 0.488613 0.074219 0.252588
1 0.122559 0.512422 0.069336 0.242236
1 0.210449 0.454451 0.069336 0.254658
1 0.285645 0.496894 0.057617 0.227743
1 0.358887 0.438923 0.079102 0.223602
1 0.443848 0.434783 0.079102 0.223602
1 0.522461 0.435818 0.066406 0.204969
1 0.606445 0.469979 0.078125 0.236025
1 0.700684 0.454451 0.073242 0.254658
1 0.783691 0.404762 0.077148 0.267081
1 0.861816 0.471014 0.057617 0.320911
1 0.945312 0.481366 0.107422 0.362319
0 0.039551 0.595238 0.077148 0.734990
0 0.116211 0.630435 0.076172 0.693582
0 0.209961 0.597308 0.076172 0.780538
0 0.279297 0.622153 0.068359 0.714286
0 0.354492 0.580745 0.089844 0.780538
0 0.438477 0.586957 0.091797 0.763975
0 0.525391 0.595238 0.091797 0.763975
0 0.604492 0.605590 0.087891 0.739130
0 0.700195 0.579710 0.085938 0.757764
0 0.783691 0.563147 0.088867 0.873706
0 0.865234 0.586957 0.082031 0.826087
0 0.941406 0.566253 0.117188 0.867495
