4 0.720417 0.178348 0.054167 0.068836
4 0.609167 0.234668 0.050000 0.061327
4 0.211250 0.214018 0.059167 0.055069
5 0.457083 0.256571 0.054167 0.072591
5 0.389583 0.272841 0.047500 0.042553
1 0.732917 0.349812 0.115833 0.204005
1 0.627083 0.398623 0.097500 0.198999
1 0.462500 0.436796 0.105000 0.215269
1 0.384583 0.451815 0.050833 0.210263
1 0.209167 0.433041 0.123333 0.237797
0 0.732917 0.442428 0.129167 0.602003
0 0.618333 0.487484 0.123333 0.564456
0 0.477083 0.542553 0.147500 0.642053
0 0.380000 0.521277 0.078333 0.556946
0 0.207083 0.555069 0.187500 0.739675
