4 0.287778 0.218553 0.037778 0.059748
3 0.345556 0.616352 0.042222 0.044025
4 0.460000 0.168239 0.035556 0.053459
3 0.563333 0.639937 0.037778 0.047170
4 0.745556 0.391509 0.037778 0.059748
1 0.277778 0.268868 0.057778 0.091195
1 0.456667 0.223270 0.051111 0.081761
1 0.751111 0.411950 0.057778 0.088050
1 0.354444 0.715409 0.068889 0.128931
1 0.521111 0.704403 0.086667 0.113208
0 0.275556 0.312893 0.124444 0.248428
0 0.456667 0.259434 0.082222 0.235849
0 0.738889 0.471698 0.100000 0.207547
0 0.354444 0.713836 0.135556 0.232704
0 0.541111 0.705975 0.122222 0.172956
