4 0.928125 0.562857 0.058750 0.047619
4 0.816875 0.579048 0.053750 0.049524
4 0.751875 0.547619 0.051250 0.055238
4 0.617500 0.542857 0.087500 0.083810
4 0.561250 0.561905 0.045000 0.041905
4 0.443750 0.556190 0.042500 0.053333
4 0.376875 0.549524 0.041250 0.043810
4 0.325625 0.539048 0.066250 0.091429
4 0.282500 0.568571 0.032500 0.047619
4 0.197500 0.531429 0.067500 0.060952
4 0.051875 0.574286 0.043750 0.043810
1 0.922500 0.711429 0.095000 0.169524
1 0.825000 0.727619 0.060000 0.163810
1 0.760625 0.696190 0.081250 0.207619
1 0.641875 0.770476 0.088750 0.249524
1 0.596250 0.661905 0.050000 0.074286
1 0.542500 0.709524 0.060000 0.173333
1 0.444375 0.685714 0.076250 0.175238
1 0.328125 0.780000 0.136250 0.272381
1 0.389375 0.682857 0.053750 0.154286
1 0.202500 0.749524 0.102500 0.249524
1 0.056875 0.673333 0.073750 0.139048
1 0.036875 0.791429 0.071250 0.329524
0 0.923750 0.762857 0.102500 0.462857
0 0.820625 0.773333 0.066250 0.434286
0 0.750625 0.757143 0.093750 0.485714
0 0.634375 0.750476 0.128750 0.491429
0 0.554375 0.752381 0.073750 0.445714
0 0.448125 0.760952 0.078750 0.462857
0 0.319375 0.733333 0.143750 0.491429
0 0.388750 0.646667 0.065000 0.291429
0 0.283750 0.588571 0.050000 0.152381
0 0.200625 0.741905 0.121250 0.516190
0 0.061250 0.652381 0.085000 0.211429
0 0.057500 0.705714 0.112500 0.580952
