4 0.255093 0.463092 0.087963 0.068245
4 0.652315 0.496518 0.039815 0.040390
4 0.603704 0.526462 0.066667 0.080780
4 0.540741 0.505571 0.050000 0.047354
4 0.449074 0.451253 0.051852 0.044568
4 0.362037 0.511142 0.053704 0.064067
4 0.326389 0.488162 0.039815 0.040390
1 0.656019 0.608635 0.058333 0.147632
1 0.592593 0.694986 0.081481 0.220056
1 0.547222 0.659471 0.066667 0.182451
1 0.452778 0.617688 0.087037 0.196379
1 0.372222 0.702646 0.100000 0.238162
1 0.241667 0.706825 0.120370 0.266017
0 0.241204 0.716574 0.123148 0.561281
0 0.359259 0.738858 0.088889 0.511142
0 0.324074 0.555014 0.057407 0.190808
0 0.443519 0.692897 0.085185 0.538997
0 0.536111 0.716574 0.059259 0.469359
0 0.589815 0.739554 0.079630 0.512535
0 0.657870 0.662256 0.073148 0.377437
