0 0.350811 0.603420 0.070270 0.770358
0 0.508649 0.567590 0.113514 0.744300
0 0.566486 0.328990 0.051892 0.143322
0 0.658378 0.546417 0.062703 0.513029
0 0.698378 0.491042 0.045405 0.412052
0 0.781081 0.496743 0.061622 0.413681
0 0.834595 0.521173 0.058378 0.459283
0 0.949189 0.431596 0.028108 0.162866
0 0.905405 0.412866 0.018378 0.131922
0 0.920541 0.427524 0.024865 0.151466
0 0.878378 0.371336 0.022703 0.052117
5 0.348108 0.246743 0.060541 0.053746
5 0.488108 0.220684 0.068108 0.060261
5 0.555135 0.281759 0.035676 0.032573
5 0.643243 0.333876 0.056216 0.058632
5 0.700000 0.311075 0.048649 0.052117
5 0.780000 0.307003 0.059459 0.047231
5 0.841081 0.316775 0.062703 0.057003
