3 0.166504 0.289165 0.131836 0.159590
3 0.755859 0.538067 0.150391 0.159590
3 0.729492 0.232796 0.111328 0.140556
5 0.478516 0.269400 0.097656 0.120059
5 0.273926 0.181552 0.124023 0.149341
1 0.138672 0.556369 0.191406 0.345534
1 0.303711 0.461933 0.173828 0.288433
1 0.515625 0.568814 0.144531 0.393851
1 0.833008 0.852123 0.242188 0.281113
1 0.693359 0.521962 0.183594 0.349927
0 0.140137 0.471449 0.196289 0.527086
0 0.321777 0.512445 0.215820 0.816984
0 0.496094 0.587848 0.146484 0.748170
0 0.681641 0.533675 0.216797 0.739385
0 0.812012 0.722548 0.272461 0.537335
