5 0.345313 0.279630 0.065625 0.085185
5 0.441146 0.208333 0.057292 0.075926
5 0.498437 0.289815 0.059375 0.083333
5 0.599479 0.281481 0.073958 0.085185
5 0.676042 0.250926 0.058333 0.087037
5 0.871354 0.274074 0.061458 0.081481
0 0.336979 0.617593 0.130208 0.757407
0 0.247396 0.407407 0.042708 0.292593
0 0.103125 0.705556 0.204167 0.562963
0 0.966667 0.609259 0.064583 0.629630
0 0.867188 0.617593 0.132292 0.757407
0 0.622917 0.618519 0.127083 0.759259
0 0.491667 0.624074 0.147917 0.729630
0 0.429167 0.305556 0.093750 0.262963
0 0.694792 0.579630 0.122917 0.751852
