5 0.029696 0.383578 0.031768 0.026961
5 0.133978 0.264706 0.074586 0.078431
5 0.222376 0.419118 0.049724 0.083333
4 0.303867 0.398284 0.058011 0.066176
5 0.390884 0.375000 0.055249 0.053922
4 0.440608 0.371324 0.035912 0.046569
4 0.600829 0.349265 0.027624 0.026961
4 0.654006 0.362745 0.026243 0.019608
5 0.482735 0.370098 0.031768 0.039216
5 0.526243 0.360294 0.033149 0.039216
5 0.569751 0.346814 0.026243 0.031863
5 0.799724 0.250000 0.046961 0.044118
1 0.138812 0.523284 0.084254 0.267157
1 0.232044 0.547794 0.069061 0.134804
1 0.316298 0.539216 0.077348 0.151961
1 0.388812 0.518382 0.053867 0.144608
1 0.441989 0.480392 0.033149 0.127451
1 0.478591 0.479167 0.026243 0.115196
1 0.528315 0.473039 0.045580 0.137255
1 0.568370 0.433824 0.023481 0.073529
1 0.600829 0.421569 0.027624 0.073529
1 0.646409 0.422794 0.049724 0.071078
1 0.810773 0.393382 0.063536 0.164216
0 0.037293 0.430147 0.044199 0.149510
0 0.020028 0.518382 0.037293 0.487745
0 0.143646 0.590686 0.102210 0.715686
0 0.245856 0.547794 0.096685 0.311275
0 0.324586 0.596814 0.113260 0.414216
0 0.395028 0.495098 0.069061 0.299020
0 0.447514 0.523284 0.035912 0.335784
0 0.486878 0.459559 0.037293 0.232843
0 0.531077 0.468137 0.045580 0.254902
0 0.573895 0.435049 0.040055 0.203431
0 0.606354 0.427696 0.046961 0.188725
0 0.665055 0.457108 0.084254 0.252451
0 0.840470 0.442402 0.158840 0.458333
