3 0.044118 0.251961 0.020588 0.017647
5 0.110294 0.247059 0.023529 0.019608
2 0.200735 0.277451 0.022059 0.025490
2 0.253676 0.281373 0.019118 0.013725
2 0.331618 0.401961 0.075000 0.094118
2 0.740441 0.387255 0.051471 0.076471
2 0.815441 0.360784 0.057353 0.058824
2 0.902941 0.592157 0.041176 0.043137
2 0.556618 0.535294 0.045588 0.054902
3 0.161029 0.354902 0.086765 0.082353
3 0.629412 0.358824 0.073529 0.054902
0 0.041176 0.318627 0.050000 0.178431
0 0.105147 0.310784 0.042647 0.147059
0 0.200000 0.354902 0.041176 0.176471
0 0.253676 0.356863 0.039706 0.184314
0 0.110294 0.653922 0.129412 0.676471
0 0.339706 0.675490 0.132353 0.633333
0 0.551471 0.594118 0.070588 0.156863
0 0.622059 0.609804 0.094118 0.549020
0 0.745588 0.576471 0.097059 0.466667
0 0.833824 0.568627 0.082353 0.443137
0 0.930882 0.576471 0.073529 0.352941
