4 0.686561 0.500582 0.022009 0.025989
4 0.508156 0.468968 0.018384 0.017067
4 0.879208 0.452483 0.022009 0.024438
4 0.455852 0.494957 0.011652 0.011637
4 0.724366 0.478278 0.011652 0.010085
4 0.313439 0.450349 0.008545 0.008534
1 0.309555 0.466835 0.010616 0.015904
1 0.459606 0.507758 0.007768 0.017067
1 0.505179 0.497867 0.014500 0.034523
1 0.848006 0.494957 0.040394 0.080683
1 0.721388 0.502715 0.013465 0.021722
1 0.686432 0.526571 0.045054 0.034523
0 0.310590 0.462568 0.022009 0.047711
0 0.456758 0.509310 0.024858 0.045772
0 0.506214 0.510861 0.027965 0.097750
0 0.689798 0.565361 0.049715 0.152444
0 0.842310 0.538014 0.067323 0.200931
