1 0.719167 0.651134 0.098333 0.209068
4 0.192500 0.487406 0.035000 0.037783
4 0.239167 0.458438 0.058333 0.040302
4 0.329167 0.510076 0.058333 0.047859
4 0.381667 0.493703 0.053333 0.070529
4 0.501667 0.489924 0.060000 0.057935
4 0.714167 0.447103 0.055000 0.052897
0 0.236667 0.720403 0.086667 0.559194
0 0.154167 0.700252 0.061667 0.498741
0 0.239167 0.722922 0.078333 0.554156
0 0.327500 0.743073 0.078333 0.513854
0 0.414167 0.735516 0.108333 0.528967
0 0.533333 0.729219 0.126667 0.526448
0 0.715000 0.709068 0.126667 0.576826
