5 0.621250 0.315000 0.042500 0.021667
5 0.484375 0.786250 0.033750 0.010833
5 0.580000 0.820833 0.045000 0.015000
5 0.761875 0.804583 0.036250 0.014167
1 0.478125 0.838750 0.058750 0.050833
1 0.535000 0.849583 0.050000 0.045833
1 0.606875 0.882083 0.058750 0.050833
1 0.777500 0.870000 0.052500 0.070000
1 0.663750 0.349583 0.062500 0.032500
0 0.657500 0.369167 0.095000 0.133333
0 0.730625 0.398750 0.046250 0.114167
0 0.471250 0.872917 0.047500 0.190833
0 0.518750 0.868333 0.055000 0.126667
0 0.606875 0.885000 0.098750 0.153333
0 0.773750 0.874583 0.072500 0.152500
