3 0.602564 0.604520 0.055556 0.073446
3 0.789530 0.846045 0.049145 0.059322
3 0.618590 0.480226 0.049145 0.045198
5 0.615385 0.416667 0.029915 0.042373
5 0.573718 0.336158 0.014957 0.016949
5 0.507479 0.374294 0.014957 0.025424
5 0.183761 0.545198 0.059829 0.084746
5 0.378205 0.774011 0.076923 0.067797
0 0.663462 0.792373 0.202991 0.415254
0 0.684829 0.557910 0.113248 0.172316
0 0.660256 0.444915 0.102564 0.115819
0 0.585470 0.370056 0.038462 0.096045
0 0.488248 0.406780 0.057692 0.101695
0 0.367521 0.861582 0.175214 0.259887
0 0.110043 0.723164 0.211538 0.468927
