4 0.013077 0.293981 0.023077 0.046296
4 0.056154 0.332176 0.047692 0.062500
4 0.248462 0.266204 0.056923 0.055556
4 0.599231 0.535880 0.053846 0.057870
4 0.696154 0.493056 0.056923 0.050926
5 0.903077 0.243056 0.033846 0.041667
5 0.113077 0.290509 0.044615 0.048611
5 0.153077 0.317130 0.029231 0.046296
1 0.043077 0.498843 0.083077 0.210648
1 0.229231 0.456019 0.095385 0.208333
1 0.335385 0.500000 0.083077 0.203704
1 0.895385 0.413194 0.080000 0.168981
0 0.233077 0.561343 0.075385 0.645833
0 0.545385 0.652778 0.140000 0.370370
0 0.662308 0.635417 0.047692 0.219907
0 0.748462 0.646991 0.167692 0.395833
0 0.889231 0.493056 0.123077 0.578704
2 0.351538 0.315972 0.056923 0.071759
0 0.335385 0.598380 0.083077 0.622685
0 0.050000 0.501157 0.072308 0.377315
0 0.110000 0.381944 0.050769 0.217593
0 0.156154 0.394676 0.041538 0.206019
