5 0.232000 0.622930 0.025714 0.023292
5 0.300571 0.607660 0.024571 0.024845
5 0.325571 0.634317 0.019714 0.021222
5 0.383714 0.585145 0.021714 0.016046
5 0.453714 0.603002 0.029714 0.030021
5 0.521714 0.632505 0.025714 0.021739
5 0.582286 0.624482 0.020571 0.023292
5 0.630429 0.620859 0.022571 0.030538
5 0.687714 0.618271 0.020571 0.018116
5 0.764571 0.590580 0.028571 0.037267
5 0.897571 0.609213 0.026571 0.024845
0 0.228000 0.727226 0.045143 0.239130
0 0.290000 0.729814 0.035429 0.276398
0 0.323000 0.720756 0.030571 0.183747
0 0.383286 0.719979 0.052286 0.296066
0 0.444857 0.727226 0.047429 0.271222
0 0.520143 0.731366 0.040286 0.226708
0 0.579286 0.727226 0.034571 0.224638
0 0.632000 0.724379 0.045143 0.237578
0 0.700429 0.719979 0.044286 0.224638
0 0.768429 0.709369 0.060286 0.289337
0 0.899000 0.718944 0.063143 0.258799
