5 0.113281 0.300294 0.087891 0.118943
3 0.331543 0.307636 0.038086 0.033774
5 0.481445 0.385463 0.033203 0.024963
5 0.684082 0.342878 0.034180 0.033774
5 0.891113 0.229809 0.059570 0.045521
1 0.096191 0.411894 0.118164 0.195301
1 0.319336 0.444934 0.072266 0.126285
1 0.480469 0.483847 0.046875 0.089574
1 0.693359 0.467695 0.041016 0.116006
1 0.906250 0.410426 0.074219 0.189427
1 0.409180 0.513216 0.011719 0.010279
1 0.448242 0.508076 0.013672 0.014684
1 0.410156 0.502937 0.007812 0.010279
0 0.104980 0.540382 0.155273 0.599119
0 0.311035 0.525698 0.106445 0.472834
0 0.485840 0.518355 0.057617 0.296623
0 0.684082 0.527166 0.063477 0.399413
0 0.897949 0.508076 0.084961 0.599119
0 0.748047 0.528634 0.013672 0.044053
0 0.722656 0.528634 0.009766 0.044053
0 0.444824 0.512482 0.014648 0.061674
0 0.402832 0.518355 0.014648 0.058737
0 0.415039 0.519824 0.017578 0.052863
