5 0.222656 0.122396 0.083984 0.140625
5 0.341797 0.186632 0.054688 0.053819
5 0.606934 0.264757 0.018555 0.067708
5 0.814453 0.135417 0.087891 0.142361
1 0.167480 0.360243 0.127930 0.303819
1 0.337402 0.467014 0.114258 0.309028
1 0.614746 0.452257 0.032227 0.258681
1 0.729004 0.363715 0.104492 0.321181
1 0.931152 0.625000 0.137695 0.138889
0 0.177734 0.526910 0.119141 0.918403
0 0.344727 0.570312 0.123047 0.814236
0 0.615234 0.448785 0.050781 0.428819
0 0.760742 0.523438 0.166016 0.869792
0 0.915039 0.763021 0.169922 0.473958
