3 0.285455 0.385559 0.152727 0.122616
3 0.528182 0.474114 0.067273 0.070845
3 0.878182 0.471390 0.058182 0.059946
3 0.780909 0.490463 0.027273 0.043597
3 0.585455 0.598093 0.040000 0.051771
3 0.460909 0.513624 0.023636 0.024523
3 0.492727 0.497275 0.018182 0.024523
5 0.365455 0.450954 0.050909 0.051771
3 0.400909 0.498638 0.027273 0.032698
2 0.049091 0.482289 0.047273 0.049046
0 0.045455 0.638965 0.061818 0.367847
0 0.156364 0.713896 0.123636 0.566757
0 0.280000 0.625341 0.232727 0.743869
0 0.530000 0.704360 0.081818 0.591281
0 0.916364 0.717984 0.141818 0.553134
0 0.699091 0.743869 0.136364 0.501362
0 0.460909 0.634877 0.038182 0.277929
0 0.408182 0.611717 0.052727 0.291553
