3 0.129286 0.425966 0.055714 0.057940
3 0.300000 0.452790 0.042857 0.051502
3 0.367143 0.451717 0.037143 0.049356
3 0.405000 0.478541 0.021429 0.030043
3 0.431429 0.494635 0.022857 0.027897
3 0.612143 0.497854 0.041429 0.042918
3 0.641429 0.436695 0.042857 0.045064
3 0.740000 0.458155 0.071429 0.075107
1 0.105000 0.527897 0.055714 0.154506
1 0.243571 0.535408 0.084286 0.126609
1 0.396429 0.520386 0.027143 0.045064
1 0.421429 0.534335 0.017143 0.060086
1 0.604286 0.586910 0.017143 0.057940
1 0.665000 0.535408 0.044286 0.105150
1 0.800000 0.585837 0.100000 0.167382
0 0.104286 0.527897 0.114286 0.278970
0 0.251429 0.587983 0.094286 0.313305
0 0.352857 0.556867 0.031429 0.259657
0 0.395000 0.526824 0.018571 0.126609
0 0.422143 0.545064 0.021429 0.137339
0 0.576429 0.582618 0.050000 0.216738
0 0.655000 0.579399 0.064286 0.343348
0 0.787143 0.634120 0.148571 0.431330
