3 0.149219 0.331771 0.118750 0.111458
3 0.515625 0.313542 0.128125 0.152083
3 0.184375 0.468750 0.067187 0.066667
5 0.884766 0.233333 0.205469 0.141667
5 0.671875 0.238021 0.131250 0.130208
5 0.381641 0.330729 0.103906 0.113542
5 0.292578 0.393229 0.083594 0.078125
0 0.102344 0.628646 0.203125 0.726042
0 0.200781 0.695312 0.078125 0.526042
0 0.508203 0.616146 0.253906 0.761458
0 0.711328 0.579167 0.203906 0.835417
0 0.898828 0.580208 0.202344 0.822917
0 0.357031 0.642188 0.173437 0.711458
0 0.282813 0.672917 0.107813 0.633333
1 0.719141 0.595313 0.202344 0.409375
1 0.913672 0.692187 0.172656 0.584375
