3 0.038574 0.320312 0.073242 0.105903
4 0.177246 0.332465 0.059570 0.078125
4 0.235352 0.394097 0.083984 0.114583
4 0.356934 0.296007 0.057617 0.057292
4 0.408691 0.315972 0.065430 0.072917
4 0.555176 0.318576 0.057617 0.060764
4 0.766602 0.326389 0.068359 0.079861
5 0.432617 0.281250 0.025391 0.034722
0 0.056641 0.630208 0.109375 0.739583
0 0.156738 0.642361 0.073242 0.687500
0 0.235352 0.670139 0.119141 0.656250
0 0.340820 0.598090 0.082031 0.661458
0 0.407227 0.641493 0.101562 0.717014
0 0.562500 0.638021 0.119141 0.699653
0 0.756836 0.643229 0.125000 0.713542
