5 0.290278 0.530833 0.032778 0.026667
4 0.729444 0.527083 0.027778 0.030833
4 0.870278 0.538333 0.027222 0.028333
4 0.911667 0.481250 0.042222 0.037500
1 0.289722 0.605417 0.063889 0.109167
1 0.472778 0.403333 0.038889 0.046667
1 0.592778 0.615417 0.054444 0.094167
1 0.634444 0.599167 0.024444 0.065000
1 0.752222 0.603333 0.037778 0.090000
1 0.875000 0.612083 0.034444 0.070833
1 0.932778 0.602083 0.060000 0.127500
0 0.294444 0.672917 0.064444 0.310833
0 0.461944 0.393750 0.045000 0.105833
0 0.590278 0.682500 0.052778 0.310000
0 0.629722 0.661250 0.047222 0.245833
0 0.744444 0.650000 0.065556 0.276667
0 0.876389 0.649583 0.047222 0.244167
0 0.925833 0.663333 0.070556 0.391667
