5 0.217647 0.140833 0.023529 0.031667
5 0.244706 0.175833 0.018824 0.028333
5 0.110000 0.230000 0.036471 0.033333
5 0.145882 0.440833 0.040000 0.041667
5 0.711765 0.437500 0.042353 0.048333
5 0.896471 0.562500 0.030588 0.055000
5 0.973529 0.464167 0.041176 0.051667
3 0.058235 0.764167 0.043529 0.055000
0 0.044706 0.822500 0.087059 0.168333
0 0.159412 0.555000 0.083529 0.276667
0 0.828235 0.639167 0.174118 0.201667
0 0.954118 0.522500 0.082353 0.181667
0 0.690000 0.558333 0.088235 0.283333
0 0.256471 0.228333 0.047059 0.123333
0 0.117647 0.310000 0.054118 0.183333
0 0.216471 0.193333 0.032941 0.143333
