2 0.467500 0.671182 0.020000 0.022167
2 0.461667 0.541256 0.021667 0.030788
2 0.389583 0.724754 0.010833 0.025862
2 0.376250 0.591133 0.019167 0.022167
2 0.371667 0.507389 0.018333 0.029557
2 0.328750 0.488300 0.017500 0.020936
2 0.230000 0.626232 0.016667 0.033251
2 0.602917 0.094212 0.014167 0.023399
2 0.493333 0.100369 0.013333 0.025862
2 0.677500 0.139778 0.016667 0.016010
2 0.678333 0.200123 0.018333 0.023399
2 0.803333 0.274015 0.020000 0.016010
2 0.862083 0.275246 0.017500 0.013547
2 0.984583 0.395320 0.022500 0.017241
2 0.847917 0.332512 0.020833 0.019704
2 0.746667 0.373768 0.021667 0.018473
2 0.778333 0.559113 0.021667 0.024631
4 0.732917 0.236453 0.014167 0.024631
4 0.622083 0.346675 0.022500 0.023399
4 0.806667 0.448892 0.021667 0.020936
3 0.887083 0.358990 0.022500 0.025862
0 0.472500 0.748768 0.046667 0.199507
0 0.447917 0.583744 0.065833 0.110837
0 0.353750 0.548645 0.057500 0.107143
0 0.318333 0.515394 0.045000 0.107143
0 0.259167 0.632389 0.075000 0.050493
0 0.370417 0.614532 0.049167 0.073892
0 0.413750 0.811576 0.042500 0.041872
0 0.366250 0.752463 0.057500 0.091133
4 0.406250 0.818966 0.015833 0.024631
0 0.564583 0.420567 0.045833 0.156404
0 0.628750 0.424261 0.025833 0.178571
0 0.748750 0.449507 0.034167 0.169951
0 0.810000 0.522783 0.038333 0.176108
0 0.771250 0.637931 0.052500 0.179803
0 0.983333 0.472906 0.033333 0.172414
0 0.878750 0.431650 0.042500 0.171182
0 0.852083 0.370690 0.030833 0.091133
0 0.865000 0.307882 0.026667 0.093596
0 0.801250 0.344828 0.029167 0.157635
0 0.741667 0.268473 0.036667 0.088670
0 0.772083 0.298030 0.034167 0.071429
2 0.761667 0.282635 0.013333 0.025862
0 0.687500 0.258005 0.040000 0.134236
0 0.675000 0.208128 0.031667 0.142857
0 0.613333 0.128695 0.033333 0.087438
0 0.491667 0.115764 0.026667 0.066502
