3 0.649518 0.505714 0.036442 0.040000
4 0.548767 0.500000 0.040729 0.040000
4 0.471597 0.532143 0.042872 0.038571
4 0.382637 0.474286 0.040729 0.045714
4 0.290997 0.501429 0.046088 0.037143
0 0.280815 0.719286 0.087889 0.470000
0 0.375670 0.692143 0.097535 0.475714
0 0.467310 0.717143 0.077170 0.411429
0 0.559486 0.696429 0.115756 0.435714
0 0.655413 0.694286 0.127546 0.417143
1 0.281886 0.646429 0.085745 0.172857
1 0.383173 0.601429 0.088960 0.148571
1 0.465702 0.656429 0.065380 0.150000
1 0.650589 0.619286 0.081458 0.138571
