5 0.107394 0.376042 0.019953 0.018750
5 0.137324 0.345833 0.023474 0.033333
5 0.179577 0.401042 0.021127 0.022917
5 0.285211 0.370833 0.014085 0.025000
5 0.370305 0.247917 0.036385 0.050000
5 0.649061 0.364583 0.030516 0.058333
1 0.114437 0.458333 0.045775 0.141667
1 0.362676 0.401042 0.079812 0.189583
0 0.095070 0.504167 0.032864 0.295833
0 0.134977 0.521875 0.042254 0.393750
0 0.173122 0.468750 0.031690 0.158333
0 0.228286 0.513542 0.041080 0.268750
0 0.272887 0.490625 0.048122 0.264583
0 0.377934 0.508333 0.110329 0.566667
0 0.632042 0.446875 0.083333 0.210417
0 0.826291 0.555208 0.129108 0.206250
