2 0.119629 0.176692 0.053711 0.071429
2 0.202637 0.150376 0.049805 0.075188
2 0.258301 0.151316 0.047852 0.069549
2 0.327637 0.165414 0.049805 0.071429
2 0.385254 0.151316 0.047852 0.058271
3 0.431641 0.111842 0.044922 0.058271
2 0.468262 0.184211 0.047852 0.063910
2 0.517090 0.164474 0.038086 0.058271
2 0.556641 0.177632 0.044922 0.069549
2 0.623047 0.187970 0.042969 0.063910
2 0.673340 0.209586 0.045898 0.058271
0 0.680176 0.532895 0.098633 0.689850
0 0.624512 0.502820 0.057617 0.701128
0 0.551758 0.508459 0.103516 0.742481
0 0.475586 0.543233 0.109375 0.766917
0 0.428223 0.196429 0.051758 0.212406
0 0.395020 0.508459 0.081055 0.768797
0 0.325684 0.533835 0.112305 0.800752
0 0.263184 0.242481 0.067383 0.240602
0 0.208008 0.529135 0.113281 0.825188
0 0.117676 0.563910 0.129883 0.842105
1 0.119141 0.417293 0.107422 0.285714
1 0.201172 0.371241 0.095703 0.261278
1 0.326172 0.392857 0.089844 0.278195
1 0.471680 0.439850 0.099609 0.285714
1 0.426270 0.236842 0.053711 0.109023
1 0.558594 0.387218 0.087891 0.251880
1 0.682129 0.417293 0.102539 0.259398
