5 0.802500 0.290000 0.085000 0.055556
5 0.580833 0.275556 0.061667 0.053333
5 0.457500 0.302222 0.061667 0.053333
5 0.370833 0.300000 0.061667 0.053333
5 0.226667 0.271111 0.086667 0.053333
1 0.205833 0.511111 0.141667 0.275556
1 0.348333 0.494444 0.113333 0.220000
1 0.468333 0.481111 0.113333 0.220000
1 0.603333 0.467778 0.113333 0.220000
1 0.800833 0.506667 0.118333 0.262222
0 0.193333 0.604444 0.156667 0.746667
0 0.352500 0.592222 0.105000 0.642222
0 0.477500 0.584444 0.128333 0.648889
0 0.614167 0.575556 0.155000 0.662222
0 0.801667 0.624444 0.186667 0.751111
