4 0.869739 0.192547 0.072144 0.093168
4 0.554108 0.234472 0.074148 0.077640
4 0.372745 0.204969 0.088176 0.080745
2 0.304609 0.279503 0.072144 0.068323
2 0.074148 0.293478 0.076152 0.077640
3 0.772545 0.225155 0.070140 0.059006
3 0.960922 0.347826 0.038076 0.031056
0 0.964930 0.546584 0.058116 0.434783
0 0.892786 0.559006 0.142285 0.844720
3 0.747495 0.318323 0.028056 0.046584
4 0.146293 0.472050 0.020040 0.024845
0 0.779559 0.582298 0.116232 0.767081
0 0.565130 0.582298 0.148297 0.822981
0 0.359719 0.572981 0.106212 0.835404
0 0.284569 0.614907 0.104208 0.726708
0 0.142285 0.543478 0.036072 0.186335
0 0.069138 0.621118 0.118236 0.745342
