4 0.187500 0.475694 0.059028 0.048611
5 0.333767 0.458333 0.056424 0.041667
4 0.544271 0.523148 0.034722 0.025463
4 0.601997 0.537616 0.035590 0.038194
4 0.671875 0.554398 0.036458 0.032407
4 0.708333 0.526620 0.031250 0.027778
5 0.939236 0.549769 0.020833 0.018519
4 0.957899 0.592593 0.018229 0.016204
1 0.195312 0.665509 0.079861 0.212963
1 0.970486 0.622106 0.026042 0.035880
1 0.960503 0.574074 0.021701 0.020833
4 0.331163 0.401042 0.011285 0.012731
0 0.351562 0.427662 0.024306 0.021991
0 0.331597 0.406829 0.020833 0.028935
0 0.198785 0.714120 0.131944 0.557870
0 0.342448 0.670718 0.087674 0.466435
0 0.551215 0.650463 0.067708 0.277778
0 0.624566 0.648727 0.082465 0.255787
0 0.688802 0.604745 0.063368 0.137731
0 0.724392 0.578125 0.047743 0.128472
0 0.950955 0.561343 0.051215 0.048611
0 0.966146 0.625000 0.045139 0.076389
