0 0.302812 0.748333 0.051875 0.051667
3 0.780312 0.077083 0.010625 0.012500
0 0.785312 0.107500 0.043125 0.080000
5 0.714688 0.190417 0.009375 0.009167
0 0.717812 0.227083 0.020625 0.084167
5 0.574375 0.199167 0.010000 0.011667
0 0.575000 0.217917 0.021250 0.049167
5 0.526250 0.235417 0.011250 0.010833
5 0.524687 0.225417 0.011875 0.009167
0 0.523125 0.235833 0.021250 0.028333
3 0.344687 0.160417 0.005625 0.007500
3 0.308125 0.160833 0.006250 0.008333
0 0.345313 0.178750 0.013125 0.045833
0 0.307812 0.177917 0.013125 0.045833
