4 0.667488 0.199226 0.108374 0.056093
4 0.307882 0.275629 0.120690 0.073501
4 0.822044 0.309961 0.045567 0.022244
4 0.470443 0.296905 0.049261 0.021277
4 0.384236 0.336557 0.071429 0.034816
4 0.229680 0.302224 0.052956 0.031915
4 0.150862 0.295938 0.045567 0.023211
1 0.675493 0.408124 0.213054 0.247582
1 0.822660 0.376692 0.054187 0.076402
1 0.479064 0.364120 0.088670 0.080271
1 0.404557 0.440522 0.097291 0.126692
1 0.266626 0.509671 0.225369 0.278530
1 0.153941 0.352998 0.093596 0.052224
1 0.033251 0.479691 0.064039 0.218569
0 0.822044 0.424565 0.075123 0.257253
0 0.679187 0.564313 0.252463 0.797872
0 0.487685 0.415861 0.115764 0.266925
0 0.149631 0.333172 0.107143 0.099613
0 0.410099 0.500000 0.115764 0.357834
0 0.048645 0.604449 0.094828 0.640232
0 0.271552 0.617988 0.227833 0.756286
