4 0.168000 0.348872 0.145000 0.165414
4 0.223500 0.304135 0.078000 0.086466
4 0.065000 0.338722 0.078000 0.093985
2 0.856000 0.284586 0.118000 0.106015
5 0.818000 0.424812 0.028000 0.042105
5 0.677750 0.365414 0.030500 0.025564
1 0.883500 0.640602 0.178000 0.436090
1 0.749000 0.480075 0.078000 0.122556
1 0.680250 0.440602 0.042500 0.091729
1 0.408500 0.404511 0.045000 0.090226
1 0.118750 0.652632 0.214500 0.401504
0 0.679000 0.465414 0.045000 0.248120
0 0.880000 0.615038 0.198000 0.769925
0 0.748500 0.534962 0.153000 0.265414
0 0.400500 0.468045 0.073000 0.312030
0 0.144750 0.630451 0.269500 0.739098
