4 0.224500 0.186667 0.079000 0.074667
2 0.376500 0.250667 0.079000 0.069333
2 0.498000 0.242667 0.078000 0.066667
2 0.609500 0.244000 0.071000 0.058667
4 0.740000 0.266667 0.064000 0.072000
0 0.222000 0.574000 0.174000 0.849333
0 0.370500 0.607333 0.125000 0.785333
0 0.503000 0.604000 0.140000 0.789333
0 0.629000 0.604667 0.148000 0.769333
0 0.770000 0.605333 0.150000 0.752000
1 0.220000 0.483333 0.186000 0.404000
1 0.371000 0.502000 0.134000 0.313333
1 0.487500 0.482000 0.129000 0.278667
1 0.615500 0.480000 0.137000 0.280000
1 0.750000 0.478000 0.138000 0.262667
