4 0.924375 0.237310 0.061250 0.083756
4 0.878750 0.217005 0.057500 0.058376
4 0.795625 0.247462 0.058750 0.068528
4 0.751250 0.248731 0.045000 0.045685
4 0.708125 0.256345 0.051250 0.071066
4 0.696875 0.197970 0.041250 0.035533
4 0.699375 0.593909 0.066250 0.091371
4 0.618125 0.546954 0.056250 0.073604
4 0.622500 0.229695 0.045000 0.088832
4 0.543125 0.263959 0.043750 0.050761
4 0.555625 0.220812 0.028750 0.035533
4 0.482500 0.262690 0.045000 0.058376
4 0.409375 0.230964 0.046250 0.050761
4 0.352500 0.172589 0.040000 0.045685
4 0.307500 0.205584 0.050000 0.050761
4 0.363750 0.279188 0.045000 0.055838
4 0.278125 0.661168 0.066250 0.129442
2 0.180625 0.213198 0.071250 0.076142
2 0.411250 0.548223 0.057500 0.071066
2 0.506875 0.538071 0.061250 0.081218
5 0.470000 0.192893 0.042500 0.045685
5 0.587500 0.219543 0.025000 0.043147
1 0.927500 0.503807 0.122500 0.291878
1 0.801875 0.500000 0.096250 0.258883
1 0.731250 0.838832 0.112500 0.261421
1 0.706875 0.455584 0.071250 0.195431
1 0.630000 0.427665 0.077500 0.185279
1 0.626875 0.760152 0.111250 0.215736
1 0.408750 0.763959 0.087500 0.243655
1 0.517500 0.755076 0.095000 0.225888
1 0.551875 0.453046 0.081250 0.215736
1 0.471875 0.449239 0.083750 0.197970
1 0.368750 0.458122 0.080000 0.175127
1 0.292500 0.434010 0.080000 0.213198
1 0.191875 0.430203 0.081250 0.230964
0 0.918750 0.576142 0.100000 0.751269
0 0.801250 0.586294 0.080000 0.736041
0 0.718750 0.756345 0.132500 0.446701
0 0.720000 0.389594 0.082500 0.342640
0 0.640000 0.356599 0.090000 0.322335
0 0.867500 0.247462 0.052500 0.149746
0 0.753125 0.285533 0.038750 0.144670
0 0.589375 0.262690 0.038750 0.129442
0 0.554375 0.401015 0.086250 0.314721
0 0.476875 0.375635 0.088750 0.258883
0 0.408125 0.303299 0.041250 0.200508
0 0.367500 0.385787 0.085000 0.238579
0 0.355000 0.195431 0.055000 0.126904
0 0.312500 0.303299 0.057500 0.261421
0 0.263125 0.597716 0.096250 0.723350
0 0.176875 0.548223 0.096250 0.766497
0 0.393750 0.757614 0.107500 0.434010
0 0.507500 0.736041 0.105000 0.451777
0 0.612500 0.743655 0.117500 0.436548
