4 0.367568 0.397000 0.028829 0.046000
2 0.418468 0.377000 0.029730 0.042000
5 0.477477 0.370000 0.032432 0.048000
5 0.551351 0.404000 0.032432 0.060000
5 0.604505 0.420000 0.027027 0.040000
5 0.667568 0.373000 0.027027 0.050000
2 0.719369 0.345000 0.045946 0.074000
4 0.842342 0.350000 0.041441 0.052000
0 0.853604 0.613000 0.080180 0.574000
0 0.374775 0.592000 0.075676 0.444000
0 0.420721 0.567000 0.055856 0.430000
0 0.480631 0.521000 0.051351 0.358000
0 0.547297 0.598000 0.060360 0.428000
0 0.605405 0.608000 0.046847 0.412000
0 0.672523 0.592000 0.051351 0.480000
0 0.710360 0.654000 0.107207 0.672000
1 0.366667 0.536000 0.050450 0.188000
1 0.414414 0.501000 0.050450 0.162000
1 0.476577 0.518000 0.045045 0.184000
1 0.547297 0.544000 0.047748 0.196000
1 0.606757 0.558000 0.049550 0.180000
1 0.669820 0.522000 0.047748 0.164000
1 0.724324 0.545000 0.073874 0.270000
1 0.857658 0.525000 0.068468 0.230000
