4 0.293617 0.159574 0.048936 0.035461
4 0.372340 0.673759 0.044681 0.073759
4 0.330319 0.466667 0.035106 0.045390
4 0.385638 0.451064 0.052128 0.039716
4 0.662234 0.382979 0.035106 0.036879
4 0.753191 0.388652 0.040426 0.028369
1 0.297340 0.247518 0.041489 0.078014
1 0.335106 0.554610 0.048936 0.119149
0 0.295745 0.275887 0.089362 0.273759
0 0.324468 0.532624 0.065957 0.165957
0 0.392021 0.524823 0.062766 0.184397
0 0.354255 0.733333 0.123404 0.187234
0 0.655319 0.421277 0.053191 0.130496
0 0.749468 0.429787 0.073404 0.133333
