5 0.244000 0.668675 0.100000 0.114458
5 0.369000 0.587349 0.034000 0.030120
5 0.522000 0.585843 0.024000 0.021084
5 0.568000 0.615964 0.032000 0.033133
5 0.857000 0.390060 0.094000 0.081325
1 0.894000 0.617470 0.148000 0.246988
1 0.606000 0.683735 0.048000 0.078313
1 0.501000 0.650602 0.042000 0.096386
1 0.224000 0.885542 0.140000 0.192771
0 0.228000 0.805723 0.160000 0.388554
0 0.361000 0.649096 0.070000 0.159639
0 0.506000 0.647590 0.064000 0.150602
0 0.591000 0.685241 0.082000 0.165663
0 0.898000 0.603916 0.172000 0.527108
