5 0.134897 0.448175 0.023460 0.023358
5 0.174487 0.364234 0.030303 0.027737
5 0.250244 0.347445 0.039101 0.035036
5 0.374389 0.379562 0.035191 0.032117
5 0.449169 0.327007 0.040078 0.037956
5 0.565005 0.304380 0.044966 0.036496
4 0.714565 0.263504 0.035191 0.045255
1 0.176442 0.475912 0.053763 0.116788
1 0.245846 0.456934 0.051808 0.128467
1 0.366080 0.488321 0.036168 0.132847
1 0.451613 0.448175 0.072336 0.137226
1 0.567449 0.436496 0.057674 0.131387
1 0.724340 0.408029 0.072336 0.164964
1 0.748778 0.654015 0.048876 0.078832
0 0.118280 0.559124 0.037146 0.236496
0 0.179374 0.520438 0.042033 0.337226
0 0.253177 0.514599 0.056696 0.372263
0 0.366080 0.546715 0.049853 0.351825
0 0.454057 0.510219 0.077224 0.398540
0 0.576735 0.497810 0.080156 0.420438
0 0.730694 0.477372 0.100684 0.478832
