4 0.176630 0.403382 0.161232 0.125604
4 0.383152 0.330918 0.077899 0.062802
4 0.480072 0.364734 0.043478 0.038647
4 0.683877 0.317633 0.128623 0.161836
4 0.826087 0.407005 0.101449 0.094203
4 0.885870 0.397343 0.036232 0.060386
5 0.278080 0.384058 0.019928 0.019324
1 0.148551 0.736715 0.199275 0.333333
1 0.364130 0.526570 0.108696 0.212560
1 0.494565 0.472222 0.065217 0.103865
1 0.674819 0.700483 0.280797 0.463768
1 0.853261 0.608696 0.105072 0.217391
1 0.896739 0.532609 0.032609 0.166667
0 0.155797 0.660628 0.239130 0.669082
0 0.373188 0.643720 0.137681 0.693237
0 0.490942 0.531401 0.083333 0.376812
0 0.679348 0.605072 0.293478 0.765700
0 0.836957 0.640097 0.130435 0.541063
0 0.897645 0.464976 0.048913 0.195652
1 0.742754 0.455314 0.028986 0.050725
0 0.737319 0.461353 0.032609 0.062802
