3 0.798831 0.405229 0.051753 0.056645
3 0.712855 0.401961 0.053422 0.050109
3 0.646077 0.387800 0.050083 0.043573
3 0.598497 0.422658 0.048414 0.043573
3 0.527546 0.355120 0.050083 0.043573
3 0.500835 0.411765 0.050083 0.043573
3 0.396494 0.384532 0.051753 0.045752
3 0.360601 0.335512 0.050083 0.043573
3 0.256260 0.340959 0.048414 0.045752
3 0.288815 0.405229 0.060100 0.043573
3 0.188648 0.415033 0.056761 0.050109
1 0.716194 0.576253 0.100167 0.193900
1 0.609349 0.586057 0.100167 0.196078
1 0.397329 0.555556 0.100167 0.200436
1 0.292988 0.582789 0.108514 0.189542
1 0.187813 0.600218 0.108514 0.211329
0 0.823873 0.656863 0.115192 0.551198
0 0.718698 0.655773 0.105175 0.553377
0 0.655259 0.445534 0.081803 0.167756
0 0.609349 0.666667 0.096828 0.518519
0 0.542571 0.418301 0.063439 0.178649
0 0.500835 0.660131 0.106845 0.553377
0 0.404841 0.666667 0.115192 0.610022
0 0.294658 0.676471 0.115192 0.564270
0 0.176962 0.690632 0.113523 0.583878
0 0.248748 0.391068 0.066778 0.167756
0 0.357262 0.387800 0.066778 0.156863
