5 0.905000 0.309309 0.058000 0.060060
5 0.824000 0.348348 0.072000 0.066066
5 0.672000 0.303303 0.064000 0.060060
4 0.481000 0.354354 0.054000 0.084084
4 0.378000 0.390390 0.052000 0.102102
5 0.181000 0.397898 0.070000 0.081081
5 0.214000 0.300300 0.056000 0.054054
0 0.935000 0.540541 0.086000 0.522523
0 0.847000 0.639640 0.138000 0.666667
0 0.693000 0.569069 0.118000 0.597598
0 0.501000 0.582583 0.142000 0.558559
0 0.328000 0.612613 0.136000 0.552553
0 0.158000 0.522523 0.104000 0.324324
0 0.214000 0.418919 0.092000 0.327327
