4 0.592683 0.363081 0.053659 0.046455
4 0.518699 0.380196 0.045528 0.061125
4 0.453659 0.367971 0.045528 0.046455
4 0.363415 0.358191 0.043902 0.041565
4 0.267480 0.375306 0.040650 0.051345
4 0.178049 0.369193 0.043902 0.044010
0 0.621951 0.649144 0.095935 0.618582
0 0.521951 0.624694 0.107317 0.540342
0 0.447154 0.597800 0.068293 0.501222
0 0.361789 0.590465 0.089431 0.501222
0 0.256911 0.612469 0.094309 0.515892
0 0.182114 0.619804 0.058537 0.545232
1 0.180488 0.520782 0.065041 0.190709
1 0.264228 0.529340 0.082927 0.178484
1 0.358537 0.506112 0.082927 0.180929
1 0.460163 0.506112 0.074797 0.161369
1 0.528455 0.529340 0.094309 0.202934
1 0.623577 0.530562 0.095935 0.215159
