4 0.451667 0.327068 0.370000 0.353383
3 0.144167 0.631579 0.115000 0.110276
3 0.756667 0.675439 0.043333 0.062657
3 0.831667 0.677945 0.036667 0.057644
3 0.981667 0.696742 0.030000 0.040100
4 0.924167 0.687970 0.038333 0.037594
3 0.636667 0.696742 0.033333 0.030075
3 0.579167 0.714286 0.038333 0.055138
3 0.284167 0.706767 0.048333 0.055138
3 0.199167 0.716792 0.035000 0.045113
3 0.231667 0.705514 0.036667 0.047619
0 0.121667 0.783208 0.206667 0.428571
0 0.421667 0.557644 0.433333 0.884712
0 0.714167 0.818296 0.045000 0.273183
0 0.584167 0.809524 0.045000 0.270677
0 0.639167 0.802005 0.045000 0.270677
0 0.669167 0.800752 0.045000 0.273183
0 0.764167 0.791980 0.045000 0.270677
0 0.826667 0.780702 0.070000 0.268170
0 0.974167 0.781955 0.048333 0.255639
0 0.931667 0.780702 0.050000 0.223058
0 0.209167 0.817043 0.081667 0.235589
0 0.294167 0.802005 0.081667 0.235589
