2 0.123779 0.512355 0.038574 0.042151
5 0.196167 0.571221 0.038330 0.039971
4 0.260254 0.556141 0.038086 0.040334
5 0.358154 0.507086 0.037598 0.039608
5 0.456665 0.491461 0.036865 0.040334
5 0.558960 0.499818 0.039795 0.044695
5 0.637085 0.362282 0.036377 0.038517
4 0.640869 0.474382 0.038574 0.044695
5 0.725220 0.503270 0.039307 0.039244
2 0.789795 0.503997 0.036621 0.037791
4 0.559937 0.116642 0.035889 0.039971
4 0.473633 0.129724 0.034180 0.036337
0 0.110962 0.719477 0.095947 0.449855
0 0.192383 0.745640 0.075195 0.389535
0 0.273560 0.744004 0.096924 0.413154
0 0.356323 0.717297 0.094971 0.456395
0 0.451782 0.705669 0.107666 0.471657
0 0.546509 0.704215 0.082764 0.454215
0 0.635132 0.695131 0.095947 0.472384
0 0.720703 0.705669 0.089844 0.443314
0 0.805542 0.702580 0.096924 0.430596
0 0.639893 0.413336 0.063965 0.134811
0 0.464600 0.305051 0.094238 0.380451
0 0.553955 0.306686 0.104492 0.424419
1 0.468994 0.255451 0.077637 0.140988
1 0.556763 0.246730 0.076904 0.164971
1 0.116821 0.640262 0.089600 0.168605
1 0.189087 0.707122 0.071045 0.164244
1 0.263794 0.689317 0.079834 0.164971
1 0.357422 0.668423 0.090820 0.200218
1 0.452515 0.652435 0.105225 0.214753
1 0.549805 0.610647 0.074707 0.155160
1 0.633057 0.606650 0.085938 0.165334
1 0.722778 0.613009 0.092529 0.145349
1 0.798950 0.656613 0.091064 0.212936
1 0.631836 0.451853 0.065918 0.078125
