1 0.393309 0.601807 0.052441 0.061446
1 0.525316 0.598193 0.023508 0.025301
1 0.505877 0.641566 0.018987 0.022892
1 0.608499 0.574699 0.061483 0.159036
1 0.659132 0.537349 0.056058 0.115663
5 0.382007 0.516867 0.042495 0.050602
5 0.580018 0.429518 0.053345 0.037349
4 0.640597 0.434337 0.035262 0.032530
5 0.531646 0.540361 0.025316 0.018072
5 0.498644 0.619880 0.017179 0.015663
0 0.391049 0.658434 0.080470 0.340964
0 0.502260 0.636747 0.038879 0.080723
0 0.543400 0.608434 0.052441 0.151807
0 0.597197 0.660843 0.087703 0.485542
0 0.673146 0.627108 0.091320 0.415663
