4 0.183333 0.403750 0.096667 0.082500
4 0.036667 0.310000 0.070000 0.125000
4 0.315000 0.508750 0.066667 0.067500
4 0.373333 0.557500 0.043333 0.060000
4 0.446667 0.593750 0.026667 0.027500
4 0.661667 0.600000 0.040000 0.040000
4 0.695000 0.541250 0.033333 0.027500
1 0.125000 0.678750 0.193333 0.357500
1 0.285000 0.716250 0.103333 0.242500
1 0.371667 0.687500 0.060000 0.165000
1 0.438333 0.691250 0.056667 0.112500
1 0.665000 0.700000 0.060000 0.110000
1 0.712500 0.640000 0.055000 0.090000
0 0.023333 0.391250 0.043333 0.247500
0 0.142500 0.666250 0.141667 0.632500
0 0.284167 0.723750 0.118333 0.502500
0 0.370833 0.743750 0.041667 0.407500
0 0.439167 0.761250 0.085000 0.357500
0 0.673333 0.792500 0.103333 0.405000
0 0.720833 0.690000 0.088333 0.310000
