4 0.220000 0.491477 0.047500 0.043561
4 0.363125 0.499053 0.031250 0.039773
4 0.372500 0.473485 0.030000 0.034091
4 0.455000 0.474432 0.037500 0.047348
4 0.496875 0.460227 0.028750 0.037879
4 0.582500 0.475379 0.025000 0.030303
3 0.626875 0.483902 0.038750 0.035985
4 0.703750 0.411932 0.057500 0.054924
0 0.715625 0.657197 0.123750 0.545455
0 0.578750 0.595644 0.045000 0.289773
0 0.626875 0.638258 0.063750 0.348485
0 0.510000 0.617424 0.062500 0.348485
0 0.458750 0.644886 0.072500 0.388258
0 0.365000 0.670455 0.090000 0.367424
0 0.213750 0.674242 0.105000 0.405303
0 0.388125 0.542614 0.053750 0.172348
1 0.215000 0.610795 0.075000 0.164773
1 0.361250 0.611742 0.072500 0.140152
1 0.461250 0.587121 0.067500 0.151515
1 0.501250 0.561553 0.047500 0.130682
1 0.581875 0.547348 0.046250 0.094697
1 0.621250 0.585227 0.060000 0.147727
1 0.718125 0.559659 0.103750 0.206439
