4 0.459967 0.373775 0.044118 0.075980
4 0.515523 0.399510 0.057190 0.068627
2 0.795752 0.312500 0.042484 0.066176
4 0.899510 0.328431 0.050654 0.063725
4 0.866830 0.401961 0.053922 0.058824
1 0.455882 0.493873 0.068627 0.149510
1 0.524510 0.561275 0.062092 0.205882
1 0.803105 0.416667 0.086601 0.122549
1 0.916667 0.537990 0.062092 0.188725
1 0.917484 0.438725 0.044118 0.137255
0 0.449346 0.558824 0.075163 0.460784
0 0.518791 0.642157 0.063725 0.544118
0 0.799837 0.394608 0.086601 0.230392
0 0.906046 0.508578 0.109477 0.257353
0 0.923203 0.405637 0.101307 0.237745
