4 0.769792 0.354687 0.043750 0.046875
0 0.163542 0.678125 0.210417 0.600000
0 0.463542 0.643750 0.110417 0.600000
0 0.584375 0.692187 0.127083 0.615625
0 0.678125 0.562500 0.093750 0.418750
0 0.780208 0.573438 0.089583 0.465625
0 0.908333 0.632812 0.162500 0.734375
1 0.130208 0.642188 0.152083 0.315625
1 0.134375 0.942188 0.227083 0.115625
1 0.468750 0.535938 0.108333 0.215625
1 0.580208 0.604688 0.114583 0.296875
1 0.668750 0.485938 0.070833 0.153125
1 0.782292 0.485938 0.077083 0.153125
1 0.903125 0.559375 0.164583 0.343750