5 0.602692 0.214586 0.053077 0.043022
5 0.720769 0.194124 0.069231 0.037775
5 0.453846 0.259182 0.023077 0.012592
5 0.064231 0.447009 0.025385 0.020986
5 0.015769 0.490556 0.030000 0.024134
1 0.038462 0.573452 0.064615 0.093389
1 0.062308 0.513116 0.043077 0.056663
1 0.300769 0.314271 0.016923 0.047219
1 0.458077 0.299056 0.034615 0.044071
1 0.609615 0.380378 0.093077 0.179433
1 0.709615 0.378279 0.085385 0.215110
1 0.809231 0.400839 0.123077 0.239244
0 0.036923 0.570829 0.070769 0.190976
0 0.073846 0.554040 0.064615 0.216159
0 0.292692 0.304302 0.033077 0.071354
0 0.318462 0.350997 0.036923 0.164743
0 0.456923 0.327912 0.046154 0.143757
0 0.605769 0.473242 0.110000 0.554040
0 0.706538 0.463274 0.079231 0.584470
0 0.815385 0.530430 0.130769 0.714586
