5 0.674805 0.124451 0.056641 0.052709
4 0.924805 0.080527 0.080078 0.076135
4 0.874512 0.189605 0.049805 0.042460
4 0.463379 0.178624 0.051758 0.070278
4 0.398926 0.161054 0.041992 0.038067
3 0.260742 0.183016 0.050781 0.052709
4 0.150391 0.119327 0.080078 0.074671
0 0.143555 0.435578 0.150391 0.718887
0 0.265625 0.420937 0.109375 0.522694
0 0.386719 0.392387 0.097656 0.489019
0 0.477051 0.399707 0.120117 0.509517
0 0.673828 0.383602 0.138672 0.559297
0 0.874512 0.279649 0.051758 0.219619
0 0.913086 0.409224 0.107422 0.730600
1 0.667969 0.290630 0.101562 0.200586
1 0.914551 0.308199 0.096680 0.259151
1 0.470215 0.307467 0.084961 0.196193
1 0.390137 0.305271 0.067383 0.162518
1 0.135254 0.318448 0.145508 0.291362
