3 0.405938 0.850417 0.011875 0.014167
3 0.425000 0.848333 0.016250 0.013333
0 0.405313 0.889583 0.023125 0.087500
0 0.430000 0.884583 0.026250 0.090833
3 0.643437 0.855833 0.023125 0.023333
3 0.734062 0.908333 0.016875 0.020000
3 0.798125 0.867917 0.020000 0.017500
3 0.835938 0.885833 0.025625 0.026667
1 0.797188 0.921667 0.031875 0.060000
1 0.982812 0.929583 0.034375 0.057500
0 0.639375 0.921667 0.035000 0.141667
0 0.711875 0.947083 0.067500 0.097500
0 0.792500 0.920833 0.043750 0.135000
0 0.843437 0.939583 0.056875 0.120833
0 0.980313 0.923750 0.039375 0.102500
