3 0.159000 0.380000 0.062000 0.049333
4 0.236000 0.442000 0.050000 0.032000
3 0.314500 0.452667 0.041000 0.032000
3 0.333000 0.439333 0.034000 0.040000
4 0.410000 0.454000 0.034000 0.024000
4 0.486500 0.432000 0.029000 0.022667
3 0.583000 0.428000 0.038000 0.030667
3 0.647000 0.450667 0.032000 0.030667
4 0.742000 0.437333 0.046000 0.033333
4 0.839500 0.442000 0.047000 0.034667
0 0.149000 0.647333 0.088000 0.573333
0 0.232000 0.635333 0.082000 0.421333
0 0.313000 0.622000 0.074000 0.362667
0 0.346500 0.584000 0.051000 0.337333
0 0.401000 0.587333 0.070000 0.298667
0 0.486000 0.578000 0.074000 0.325333
0 0.578500 0.587333 0.071000 0.352000
0 0.655000 0.613333 0.068000 0.348000
0 0.736000 0.618000 0.082000 0.394667
0 0.850500 0.652000 0.109000 0.441333
