3 0.889375 0.260000 0.043750 0.053333
3 0.746250 0.255556 0.060000 0.066667
3 0.520625 0.316667 0.031250 0.037778
1 0.772500 0.427778 0.075000 0.197778
1 0.907500 0.390000 0.080000 0.157778
0 0.764375 0.502222 0.096250 0.555556
0 0.905625 0.465556 0.083750 0.460000
3 0.157500 0.376667 0.060000 0.064444
3 0.070625 0.737778 0.053750 0.057778
3 0.347500 0.348889 0.047500 0.048889
3 0.426875 0.332222 0.033750 0.037778
3 0.461250 0.316667 0.035000 0.037778
3 0.398750 0.331111 0.027500 0.031111
1 0.152500 0.578889 0.065000 0.237778
1 0.196875 0.545556 0.048750 0.202222
1 0.356250 0.471111 0.057500 0.151111
1 0.429375 0.460000 0.056250 0.168889
1 0.466875 0.446667 0.043750 0.155556
1 0.515625 0.437778 0.043750 0.155556
1 0.398750 0.422222 0.025000 0.115556
0 0.520000 0.470000 0.057500 0.348889
0 0.470625 0.485556 0.048750 0.366667
0 0.432500 0.516667 0.052500 0.402222
0 0.355000 0.551111 0.060000 0.440000
0 0.394375 0.410000 0.026250 0.197778
0 0.178750 0.652222 0.125000 0.624444
