4 0.069271 0.379603 0.042708 0.084986
4 0.123438 0.433428 0.040625 0.067989
4 0.172396 0.341360 0.036458 0.059490
4 0.219792 0.456091 0.037500 0.073654
2 0.242708 0.311615 0.039583 0.050992
2 0.283333 0.381020 0.033333 0.059490
2 0.347917 0.274788 0.037500 0.062323
2 0.325521 0.429178 0.032292 0.053824
2 0.381771 0.366856 0.023958 0.053824
2 0.429167 0.301700 0.029167 0.053824
2 0.435417 0.441926 0.033333 0.056657
2 0.473958 0.342776 0.029167 0.062323
2 0.525521 0.446176 0.036458 0.065156
2 0.560937 0.354108 0.034375 0.067989
2 0.585938 0.297450 0.028125 0.045326
4 0.635417 0.396601 0.041667 0.073654
1 0.048958 0.652975 0.035417 0.263456
1 0.116667 0.725212 0.060417 0.328612
1 0.220312 0.725212 0.065625 0.283286
1 0.327083 0.702550 0.064583 0.277620
1 0.432292 0.712465 0.064583 0.269122
1 0.526042 0.712465 0.066667 0.291785
1 0.632812 0.652975 0.071875 0.286119
1 0.372917 0.525496 0.035417 0.082153
1 0.279167 0.631728 0.045833 0.271955
0 0.056250 0.566572 0.062500 0.470255
0 0.123438 0.643059 0.063542 0.487252
0 0.174479 0.439093 0.055208 0.277620
0 0.219271 0.719547 0.057292 0.560907
0 0.241146 0.361190 0.040625 0.144476
0 0.278646 0.443343 0.038542 0.189802
0 0.331250 0.709632 0.062500 0.563739
0 0.346354 0.344193 0.042708 0.195467
0 0.382292 0.471671 0.033333 0.269122
0 0.440104 0.715297 0.067708 0.563739
0 0.429688 0.321530 0.040625 0.127479
0 0.475521 0.416431 0.036458 0.237960
0 0.529167 0.712465 0.068750 0.575071
0 0.560417 0.399433 0.039583 0.175637
0 0.588542 0.371105 0.045833 0.203966
0 0.638021 0.694051 0.080208 0.611898
