3 0.157227 0.331625 0.046875 0.045388
3 0.248047 0.396779 0.042969 0.043924
3 0.344727 0.405564 0.044922 0.038067
4 0.438477 0.404832 0.042969 0.039531
4 0.523926 0.431186 0.041992 0.045388
4 0.587891 0.393851 0.039062 0.043924
3 0.680176 0.407028 0.038086 0.035139
3 0.754883 0.385798 0.041016 0.042460
3 0.854004 0.361640 0.041992 0.043924
0 0.869629 0.625915 0.098633 0.572474
0 0.768555 0.640556 0.097656 0.551977
0 0.685547 0.649341 0.080078 0.516837
0 0.598633 0.639092 0.083984 0.528551
0 0.520020 0.657394 0.067383 0.500732
0 0.437012 0.644949 0.090820 0.525622
0 0.339844 0.650073 0.085938 0.524158
0 0.248047 0.647877 0.107422 0.554905
0 0.148926 0.612006 0.106445 0.612006
1 0.145508 0.508785 0.099609 0.203514
1 0.239258 0.562958 0.091797 0.218155
1 0.334473 0.577599 0.090820 0.203514
1 0.435059 0.557101 0.088867 0.171303
1 0.520508 0.600293 0.062500 0.213763
1 0.596680 0.540996 0.097656 0.159590
1 0.688477 0.567350 0.078125 0.194729
1 0.765137 0.547584 0.092773 0.204978
1 0.864258 0.521962 0.083984 0.215227
