4 0.229375 0.298311 0.103750 0.112570
4 0.359375 0.217636 0.083750 0.097561
4 0.421875 0.257036 0.053750 0.075047
4 0.515000 0.315197 0.080000 0.082552
4 0.629375 0.201689 0.071250 0.080675
4 0.728750 0.213884 0.105000 0.097561
1 0.193125 0.566604 0.133750 0.337711
1 0.318750 0.441839 0.095000 0.290807
1 0.430000 0.482176 0.090000 0.277674
1 0.529375 0.551595 0.121250 0.307692
1 0.641250 0.411820 0.110000 0.257036
1 0.770000 0.487805 0.145000 0.311445
0 0.766250 0.583490 0.157500 0.833021
0 0.644375 0.559099 0.123750 0.799250
0 0.531875 0.637899 0.131250 0.724203
0 0.433125 0.591932 0.101250 0.733583
0 0.333750 0.578799 0.135000 0.834897
0 0.193125 0.621013 0.171250 0.757974
