5 0.692383 0.670290 0.031250 0.036232
5 0.622559 0.664493 0.020508 0.024638
5 0.775391 0.673913 0.029297 0.034783
3 0.560059 0.750000 0.010742 0.015942
3 0.588379 0.752174 0.010742 0.008696
1 0.627930 0.742029 0.048828 0.086957
1 0.711426 0.747826 0.067383 0.069565
1 0.791016 0.750725 0.054688 0.078261
4 0.843262 0.655072 0.006836 0.008696
0 0.558594 0.766667 0.019531 0.066667
0 0.586426 0.780435 0.020508 0.073913
0 0.633301 0.782609 0.047852 0.272464
0 0.706055 0.799275 0.066406 0.273913
0 0.791016 0.804348 0.074219 0.310145
0 0.843750 0.673913 0.019531 0.043478
