2 0.277372 0.497403 0.035036 0.054545
2 0.421898 0.731169 0.029197 0.085714
2 0.512409 0.516883 0.026277 0.025974
2 0.694891 0.462338 0.055474 0.057143
1 0.218248 0.602597 0.071533 0.155844
1 0.542336 0.716883 0.080292 0.103896
1 0.509489 0.618182 0.052555 0.083117
1 0.714599 0.636364 0.056934 0.171429
0 0.263504 0.664935 0.147445 0.420779
0 0.496350 0.820779 0.169343 0.275325
0 0.515328 0.568831 0.072993 0.166234
0 0.688321 0.672727 0.080292 0.467532
2 0.038686 0.322078 0.024818 0.036364
0 0.031387 0.325974 0.056934 0.075325
