5 0.902100 0.230141 0.056152 0.057906
5 0.834961 0.224944 0.048828 0.046028
5 0.753906 0.231626 0.035156 0.040089
5 0.671631 0.247587 0.049316 0.045286
5 0.609375 0.270973 0.045898 0.035635
5 0.617432 0.239050 0.036621 0.026726
2 0.796387 0.241277 0.044922 0.043059
2 0.526855 0.220861 0.049805 0.057164
2 0.567383 0.221975 0.037109 0.044543
3 0.512695 0.195620 0.043945 0.040831
3 0.467041 0.216407 0.040527 0.045286
1 0.909424 0.430586 0.104980 0.213808
1 0.721436 0.402747 0.092285 0.205642
1 0.808350 0.403489 0.074707 0.196733
1 0.620850 0.448775 0.074707 0.196733
1 0.536133 0.409800 0.084961 0.194506
1 0.488525 0.316258 0.040527 0.103935
1 0.455078 0.378619 0.046875 0.194506
0 0.912842 0.441351 0.109863 0.478842
0 0.841553 0.263549 0.062012 0.127691
0 0.811523 0.460282 0.097656 0.484039
0 0.724365 0.460282 0.108887 0.540460
0 0.751709 0.248701 0.041504 0.090572
0 0.665771 0.269859 0.060059 0.092799
0 0.630859 0.504826 0.107422 0.498886
0 0.538818 0.438753 0.115723 0.475130
0 0.434814 0.343356 0.081543 0.314031
0 0.477295 0.295100 0.070801 0.254640
