4 0.219167 0.551807 0.051667 0.043373
4 0.331667 0.590361 0.043333 0.057831
4 0.428333 0.606024 0.043333 0.060241
4 0.463333 0.618072 0.033333 0.055422
4 0.518333 0.567470 0.053333 0.050602
4 0.682500 0.597590 0.055000 0.081928
4 0.925833 0.281928 0.018333 0.019277
4 0.482500 0.230120 0.025000 0.016867
4 0.418333 0.231325 0.016667 0.024096
4 0.437500 0.225301 0.018333 0.026506
1 0.419167 0.269880 0.018333 0.043373
1 0.442500 0.268675 0.021667 0.045783
1 0.481667 0.272289 0.030000 0.048193
1 0.927500 0.309639 0.018333 0.031325
1 0.211667 0.684337 0.076667 0.139759
1 0.321667 0.683133 0.063333 0.127711
1 0.401667 0.733735 0.053333 0.142169
1 0.456667 0.725301 0.056667 0.130120
1 0.504167 0.662651 0.058333 0.115663
1 0.655833 0.689157 0.078333 0.130120
1 0.927500 0.310843 0.015000 0.033735
0 0.409167 0.303614 0.028333 0.125301
0 0.441667 0.297590 0.026667 0.142169
0 0.490833 0.301205 0.048333 0.163855
0 0.204167 0.726506 0.085000 0.416867
0 0.320833 0.740964 0.048333 0.368675
0 0.404167 0.769880 0.038333 0.383133
0 0.461667 0.740964 0.040000 0.306024
0 0.516667 0.689157 0.076667 0.289157
0 0.660833 0.661446 0.108333 0.233735
0 0.890000 0.307229 0.030000 0.079518
0 0.925833 0.307229 0.035000 0.103614
